data,rain_mm,etp_mm,bal_mm,spi1,spei1,spi3,spei3,spi6,spei6,spi12,spei12,tmax_med,tmin_med,dias_tmax34,dias_chuva10,veranico_max,soma_termica,srad_mj
1980-01,192,116.5,75.5,0.16,0.27,,,,,,,30.7,21.9,0,6,9,505,552
1980-02,458,91.8,366.2,2.37,2.5,,,,,,,29.4,22,0,16,1,454,441
1980-03,168,128.6,39.4,-1.07,-1.24,0.85,0.93,,,,,30.9,21.6,0,8,9,504,625
1980-04,80,125.7,-45.7,-1,-1.13,0.1,0.03,,,,,31.8,21.8,0,3,7,504,601
1980-05,17,133.1,-116.1,-1.22,-1.4,-1.33,-1.41,,,,,33.1,21.6,0,0,7,537,616
1980-06,3,132,-129,-1.03,-1.14,-1.29,-1.41,-0.16,-0.25,,,33.9,21.5,7,0,19,532,577
1980-07,1,158.9,-157.9,-0.77,-1.76,-1.46,-1.55,-0.18,-0.39,,,34.6,21.3,18,0,17,556,646
1980-08,1,183.1,-182.1,-1.06,-1.74,-1.08,-1.64,-1.42,-1.56,,,35.5,21.1,27,0,23,566,714
1980-09,25,179,-154,0.85,0.45,0.49,-1,-1.17,-1.43,,,36,22.6,26,1,17,580,680
1980-10,18,194.6,-176.6,-0.2,-1.05,0.24,-0.91,-0.83,-1.39,,,36.7,23.9,30,0,12,630,710
1980-11,135,140.8,-5.8,1.32,1.35,1.04,0.72,0.68,-0.12,,,33.7,22.1,11,5,6,538,586
1980-12,85,135.8,-50.8,-0.25,-0.07,0.33,0.41,0.36,0.05,-0.04,-0.2,32.6,22.2,9,2,8,540,562
1981-01,171,117,54,-0.06,0.04,0.18,0.42,0.15,0.05,-0.15,-0.36,30.9,21.7,0,6,3,505,542
1981-02,38,127.5,-89.5,-3.3,-2.1,-1.94,-2,-1.1,-1.31,-1.64,-1.64,32.4,21.8,6,0,4,478,579
1981-03,357,117.7,239.3,0.73,0.81,-0.76,-0.88,-0.51,-0.57,-0.99,-1.21,31.3,22.3,7,13,10,520,530
1981-04,84,130.2,-46.2,-0.94,-1.13,-1.04,-1.18,-0.76,-0.83,-0.98,-1.25,31.4,21.4,0,3,8,492,648
1981-05,14,124.9,-110.9,-1.38,-1.25,-0.31,-0.44,-1.2,-1.26,-0.94,-1.21,32.4,21.2,0,0,14,521,583
1981-06,1,134.8,-133.8,-1.63,-1.42,-1.3,-1.41,-1.21,-1.33,-0.97,-1.23,33.7,20.4,4,0,24,512,621
1981-07,0,161.1,-161.1,,-2.08,-1.75,-1.59,-1.25,-1.4,-0.96,-1.22,33.7,20.1,8,0,31,525,664
1981-08,6,174.6,-168.6,0.29,-0.75,-0.86,-1.52,-0.39,-0.67,-0.95,-1.17,35.1,21.5,20,0,15,566,710
1981-09,1,189.6,-188.6,-1.39,-1.46,-0.58,-1.59,-1.39,-1.58,-1.05,-1.26,36.4,22.6,30,0,22,586,735
1981-10,33,177.3,-144.3,0.35,0.29,0.13,-0.66,-1.03,-1.32,-0.94,-1.09,36.9,23.3,29,0,7,622,701
1981-11,48,159.9,-111.9,-0.35,-0.51,-0.35,-0.75,-0.53,-1.17,-1.26,-1.37,35.9,24.5,26,1,7,606,608
1981-12,89,154.4,-65.4,-0.19,-0.35,-0.33,-0.47,-0.43,-1.03,-1.15,-1.39,35.2,23.1,19,3,11,594,609
1982-01,204,115.2,88.8,0.28,0.41,-0.22,-0.3,-0.25,-0.55,-1.13,-1.34,30.8,22.1,1,8,6,510,540
1982-02,186,97.7,88.3,-0.21,-0.18,-0.22,-0.13,-0.42,-0.51,-0.58,-0.81,30.4,21.5,0,8,3,446,464
1982-03,207,120.3,86.7,-0.61,-0.65,-0.54,-0.45,-0.72,-0.74,-1.22,-1.39,30.9,21.8,0,9,2,507,588
1982-04,167,111.7,55.3,-0.1,-0.11,-0.59,-0.59,-0.63,-0.68,-0.9,-1.09,30.6,21.4,0,5,1,480,548
1982-05,28,130.3,-102.3,-0.78,-1,-0.56,-0.63,-0.66,-0.69,-0.8,-1.04,32,20.5,0,0,14,504,612
1982-06,6,131.8,-125.8,-0.57,-0.96,-0.39,-0.52,-0.63,-0.64,-0.8,-1.01,33,20.4,0,0,20,502,587
1982-07,4,148.6,-144.6,-0.1,-0.6,-0.88,-1.11,-0.74,-0.78,-0.78,-0.94,34.3,20.7,12,0,24,542,626
1982-08,8,171.6,-163.6,0.59,-0.33,-0.11,-0.81,-0.59,-0.72,-0.77,-0.92,35,20.5,22,0,11,550,695
1982-09,16,177.3,-161.3,0.4,0.06,0.52,-0.36,-0.34,-0.56,-0.72,-0.83,36.1,23.2,29,0,9,590,691
1982-10,35,166.5,-131.5,0.41,0.63,0.59,0.28,-0.32,-0.62,-0.67,-0.76,35.6,22.4,26,1,12,590,685
1982-11,27,167,-140,-1.07,-1.3,-0.43,-0.56,-0.42,-0.75,-0.74,-0.81,36.2,22.4,26,1,16,580,671
1982-12,51,162.8,-111.8,-0.9,-1.53,-1.04,-1.35,-0.83,-1.18,-0.81,-0.88,35.4,22.9,25,2,21,594,663
1983-01,117,152.8,-35.9,-0.71,-1.19,-1.67,-2.56,-1.37,-2.11,-1.22,-1.32,34,23.2,13,5,12,576,600
1983-02,222,116.3,105.7,0.24,0.04,-0.97,-1.56,-1.13,-1.84,-1.06,-1.25,32.1,22.2,3,6,8,480,524
1983-03,236,139.2,96.8,-0.31,-0.53,-0.7,-1.14,-1.21,-1.71,-1.04,-1.37,32.9,22.8,6,8,11,554,608
1983-04,30,141.2,-111.2,-1.95,-1.91,-0.98,-1.23,-1.6,-1.87,-1.64,-1.91,33,21.6,4,0,8,520,651
1983-05,9,149.1,-140.1,-1.71,-2.19,-1.27,-1.57,-1.58,-1.93,-1.64,-2.02,34.7,22.3,20,0,12,573,616
1983-06,0,155.6,-155.6,,-2.65,-2.26,-2.42,-1.46,-1.9,-1.68,-2.12,35.4,21.4,27,0,30,551,610
1983-07,0,170.2,-170.2,,-3.23,-2.15,-2.47,-1.23,-1.67,-1.69,-2.16,35.3,20.9,28,0,31,562,647
1983-08,0,190.1,-190.1,,-2.22,,-2.63,-1.38,-1.9,-1.74,-2.22,36,22.3,31,0,31,594,705
1983-09,0,203,-203,,-2.19,,-2.54,-2.47,-2.64,-1.82,-2.24,37.2,23,30,0,30,603,713
1983-10,3,206.7,-203.7,-1.39,-4.05,-1.92,-2.95,-2.47,-2.59,-1.87,-2.21,36.6,23.5,31,0,13,623,721
1983-11,21,187.5,-166.5,-1.35,-2.16,-1.97,-2.84,-2.17,-2.95,-1.89,-2.33,35.9,23.2,26,0,15,588,649
1983-12,103,158.2,-55.2,0.02,-0.15,-0.84,-2.16,-1.01,-3.4,-1.54,-2.32,34.4,23,19,4,7,578,594
1984-01,252,118.8,133.2,0.71,0.8,0.06,-0.3,-0.26,-1.47,-1.13,-1.81,30.9,21.6,0,13,2,504,548
1984-02,204,113.8,90.2,0.02,-0.16,0.38,0.32,-0.26,-1.15,-1.18,-1.8,31.1,21.6,0,9,2,474,541
1984-03,219,109.8,109.2,-0.48,-0.39,-0.02,0.03,-0.52,-0.95,-1.35,-2.07,30.4,21.7,0,7,2,498,539
1984-04,358,98.6,259.4,1.09,1.2,0.42,0.48,0.32,0.18,-0.13,-0.85,29.9,21.9,0,14,0,477,495
1984-05,86,112,-26,0.48,0.6,0.51,0.63,0.51,0.55,0.13,-0.44,30.4,20.9,0,2,6,486,568
1984-06,7,121.3,-114.3,-0.45,-0.31,0.92,1.02,0.56,0.66,0.15,-0.31,31,19.2,0,0,8,454,603
1984-07,2,138.9,-136.9,-0.46,-0.05,0.23,0.23,0.38,0.45,0.16,-0.2,32,18.8,0,0,17,478,629
1984-08,13,160.4,-147.4,1.15,1.05,0.08,0.07,0.48,0.58,0.2,-0.07,33.7,19.6,5,0,11,517,673
1984-09,22,169.5,-147.5,0.72,0.77,0.81,0.59,0.97,1,0.27,0.08,34,21,9,0,10,525,676
1984-10,28,173.7,-145.7,0.19,0.25,0.67,0.56,0.39,0.34,0.33,0.22,34.7,21.7,23,1,17,564,679
1984-11,35,169.5,-134.5,-0.76,-1.14,-0.29,-0.49,-0.25,-0.33,0.38,0.33,35,22.1,22,2,4,557,645
1984-12,108,156.6,-48.5,0.09,-0.03,-0.32,-0.56,-0.13,-0.23,0.38,0.4,34.5,22,16,3,7,566,643
1985-01,487,107.7,379.3,2.26,2.03,1.71,1.49,1.71,1.43,1,0.93,30.5,21.7,0,18,1,498,519
1985-02,322,98.5,223.5,1.26,1.37,2.55,2.09,2.18,1.71,1.31,1.22,30,21.4,0,16,2,439,489
1985-03,484,113.2,370.9,1.6,1.55,3.15,2.61,2.57,1.99,2.07,1.71,30.3,21.8,0,16,1,497,565
1985-04,592,91.9,500.1,2.07,1.99,2.51,2.37,2.78,2.43,2.65,2.18,29.4,21.8,0,22,0,468,455
1985-05,206,101.9,104.1,1.84,1.83,2.23,2.08,2.98,2.48,2.78,2.26,29.9,21.2,0,8,3,482,523
1985-06,72,104,-32,2.18,2.33,2.3,2.12,3.27,2.66,2.95,2.36,29.9,19.9,0,3,6,447,522
1985-07,54,120.2,-66.2,2.23,2.21,2.42,2.33,2.77,2.45,3.05,2.42,30,19.5,0,1,14,458,585
1985-08,20,152.4,-132.4,1.75,2.04,2.66,2.59,2.46,2.23,3.07,2.43,32.3,19.4,0,1,23,490,679
1985-09,22,163.3,-141.3,0.72,1.05,2.05,2.18,2.49,2.26,3.09,2.5,34.1,20.5,9,0,7,519,704
1985-10,22,165.9,-143.9,-0.03,0.3,0.69,0.92,2.11,2.06,2.94,2.5,34.4,21.8,17,1,10,562,695
1985-11,135,154,-19,1.32,1.2,1.05,1.04,1.89,1.81,3.14,2.54,33.6,22.1,8,3,4,534,622
1985-12,433,106.5,326.5,2.77,2.22,2.53,2,2.72,2.11,3.51,2.59,30.6,21.6,2,15,1,498,496
1986-01,114,125.5,-11.5,-0.75,-0.82,2,1.83,1.98,1.79,2.98,2.45,30.6,21.5,0,4,3,499,587
1986-02,263,96.8,166.2,0.69,0.77,1.97,1.88,2.11,1.83,2.9,2.46,29.9,21.2,0,9,2,436,481
1986-03,532,95.7,436.3,1.89,1.82,1.34,1.45,2.71,2.2,3.21,2.44,29.3,21.5,0,21,2,476,475
1986-04,310,98.9,211.1,0.84,0.97,1.62,1.71,2.18,2.13,2.64,2.34,29.9,21.9,0,14,2,477,497
1986-05,43,113.8,-70.8,-0.35,-0.22,1.21,1.31,1.82,1.82,2.16,2.04,30.7,21.1,0,1,7,494,580
1986-06,13,108.6,-95.6,0.06,0.62,0.55,0.72,1.03,1.18,2.05,1.95,30.1,19.6,0,0,10,446,545
1986-07,12,129.6,-117.6,0.63,0.97,-0.21,0.15,1.34,1.45,1.94,1.87,31.6,19.6,0,0,11,484,617
1986-08,3,146,-143,-0.31,1.37,0.32,0.99,1.19,1.33,1.91,1.85,33.7,20.1,3,0,12,523,666
1986-09,11,161.8,-150.8,0.08,0.62,0.45,1.04,0.55,0.8,1.89,1.86,34.9,21.9,19,0,13,551,668
1986-10,44,142.7,-98.7,0.65,1.23,0.57,1.24,0.04,0.66,1.86,1.9,33.7,22.1,10,1,17,555,621
1986-11,43,142.1,-99.1,-0.5,-0.19,-0.06,0.58,0.02,0.77,1.66,1.73,33.6,21.6,10,2,9,528,618
1986-12,87,132.9,-45.9,-0.22,0.01,-0.29,0.33,-0.2,0.56,0.75,1.03,33,21.7,7,3,6,538,572
1987-01,89,125.6,-36.6,-1.14,-1.2,-1.39,-1.26,-1.15,-0.41,0.69,0.97,31.9,21.3,0,2,3,514,584
1987-02,174,121.3,52.7,-0.37,-0.63,-1.35,-1.45,-1.3,-0.9,0.46,0.72,32,21.2,4,7,5,465,562
1987-03,469,98.7,370.3,1.5,1.55,0.34,0.38,0.06,0.38,0.29,0.64,30.2,21.5,0,17,1,491,475
1987-04,99,116.2,-17.2,-0.76,-0.82,0.26,0.24,-0.39,-0.36,-0.41,-0.05,31.3,21.7,0,2,2,494,567
1987-05,49,127.3,-78.3,-0.21,-0.39,0.34,0.38,-0.34,-0.35,-0.37,-0.06,32.1,20.8,0,3,25,510,621
1987-06,52,117.3,-65.3,1.66,1.64,-0.4,-0.44,-0.11,-0.12,-0.24,0.04,32,20.6,0,2,6,489,561
1987-07,5,144.5,-139.5,0.03,-0.22,0.38,0.16,0.28,0.24,-0.26,-0.03,33.5,19.8,3,0,12,515,636
1987-08,0,157,-157,,0.26,1.15,0.88,0.44,0.47,-0.28,-0.08,34.8,20.4,22,0,31,546,688
1987-09,80,169.3,-89.3,2.44,2.59,1.86,1.52,0,-0.03,-0.05,0.09,35.5,21.1,27,3,17,550,677
1987-10,50,163.7,-113.7,0.8,0.99,1.74,1.59,1.07,0.89,-0.02,0.02,35.1,21.6,22,1,6,569,670
1987-11,53,172.6,-119.6,-0.22,-0.72,1.1,0.87,1.22,0.93,0.02,-0.01,35.8,22.3,25,1,9,571,668
1987-12,80,156.4,-76.4,-0.33,-0.58,-0.19,-0.33,0.38,0.29,0.01,-0.02,34.5,22.4,17,3,14,572,640
1988-01,207,118.8,88.2,0.31,0.4,-0.23,-0.49,0.39,0.38,0.32,0.24,31.6,21.8,0,9,2,517,540
1988-02,101,109,-8,-1.56,-1.32,-0.99,-1.12,-0.35,-0.39,0.13,0.08,31,22.2,0,3,3,480,508
1988-03,313,106.8,206.2,0.38,0.55,-0.38,-0.29,-0.51,-0.53,-0.4,-0.38,30.6,21.9,0,13,2,504,513
1988-04,484,97.9,386.1,1.65,1.67,0.89,0.98,0.59,0.56,0.83,0.79,30.7,21.9,0,21,1,489,482
1988-05,63,118.2,-55.2,0.08,0.1,1.14,1.21,0.59,0.64,0.84,0.84,31.4,21,0,2,7,502,599
1988-06,29,116,-87,0.89,0.96,1.4,1.42,0.79,0.89,0.78,0.78,31.4,20.4,0,0,11,478,575
1988-07,9,137.6,-128.6,0.41,0.45,0.32,0.31,0.8,0.87,0.79,0.8,31.7,19,0,0,15,476,645
1988-08,13,153.8,-140.8,1.15,1.52,1,0.98,1.19,1.24,0.82,0.83,33.4,18.4,6,0,18,492,718
1988-09,25,166.4,-141.4,0.85,1.05,1.08,1.05,1.47,1.45,0.67,0.69,35.4,20.2,26,0,8,534,719
1988-10,40,163.5,-123.5,0.55,0.81,0.96,1.08,0.59,0.66,0.62,0.61,34.7,22.3,20,1,14,573,712
1988-11,58,148.3,-90.3,-0.09,0.01,0.33,0.51,0.59,0.72,0.64,0.7,34.2,22.5,18,2,3,550,622
1988-12,248,120.9,127.1,1.53,1.56,1.15,1.26,1.24,1.3,1.03,1.12,31.7,21.6,0,9,2,516,556
1989-01,105,125.4,-20.4,-0.89,-0.95,0.33,0.55,0.52,0.83,0.79,0.9,31.1,21.1,0,3,2,500,615
1989-02,101,109,-8,-1.56,-1.32,-0.42,-0.24,-0.31,0.07,0.81,0.91,30.9,21,0,3,2,446,512
1989-03,552,105.6,446.4,2,1.85,0.5,0.58,1.04,1.16,1.51,1.45,29.7,20.9,0,21,0,474,529
1989-04,493,91,402,1.69,1.72,1.75,1.79,1.56,1.62,1.55,1.56,29.9,21.6,0,21,0,474,456
1989-05,122,104.4,17.6,0.97,1.15,1.96,1.9,1.63,1.65,1.63,1.64,30.2,21,0,4,4,483,530
1989-06,20,111.1,-91.1,0.48,0.8,1.6,1.64,1.38,1.44,1.63,1.63,31,20.4,0,0,10,472,567
1989-07,3,125.7,-122.7,-0.26,0.75,0.86,1.1,1.67,1.7,1.61,1.63,31.5,19.5,0,0,16,482,607
1989-08,4,149.3,-145.3,-0.08,1.2,0.28,0.93,1.93,1.88,1.59,1.62,33.6,19.9,7,0,14,520,682
1989-09,12,162.7,-150.7,0.15,0.62,0.17,0.89,1.57,1.65,1.57,1.61,35.2,20.9,25,0,9,540,698
1989-10,54,158.1,-104.1,0.89,1.15,0.81,1.15,0.9,1.19,1.53,1.61,34.9,21.8,21,1,5,568,668
1989-11,87,135.6,-48.6,0.53,0.8,0.74,1.05,0.65,1.08,1.61,1.65,32.9,21.8,5,3,9,521,577
1989-12,386,101.6,284.4,2.5,2.12,2.22,1.93,2.07,1.89,1.82,1.76,30.5,21.6,0,13,3,498,459
1990-01,61,128,-67,-1.68,-1.69,1.15,1.38,1.23,1.48,1.78,1.78,31.7,21.3,0,2,4,512,618
1990-02,208,95.6,112.4,0.07,0.12,1.04,1.29,1.15,1.42,2.04,1.99,30.8,21.3,0,9,4,450,455
1990-03,127,117.6,9.4,-1.63,-1.63,-2.15,-1.89,0.15,0.58,1.11,1.33,31.2,21.3,0,6,8,504,571
1990-04,107,113.7,-6.7,-0.67,-0.7,-1.26,-1.13,-0.33,-0.14,-0.05,0.38,31.3,21.4,0,2,7,491,570
1990-05,15,121.2,-106.2,-1.32,-1.11,-1.44,-1.32,-0.58,-0.42,-0.4,0.02,32.3,21.3,0,0,8,520,603
1990-06,14,122.6,-108.6,0.13,0,-0.92,-0.87,-1.88,-1.63,-0.43,-0.04,33.3,20.5,0,0,8,508,602
1990-07,61,118.1,-57.1,2.41,2.34,0.15,0.3,-1.05,-0.84,-0.23,0.16,32.5,20.8,0,2,9,517,580
1990-08,11,155,-144,0.95,1.3,1.74,1.73,-1.03,-0.8,-0.21,0.16,34.8,20.1,19,0,16,541,696
1990-09,33,158.6,-125.6,1.17,1.64,2.19,2.34,-0.26,-0.03,-0.14,0.21,35.4,20.7,24,2,11,542,676
1990-10,14,164.1,-150.1,-0.4,0.1,0.57,0.89,0.29,0.55,-0.25,0.05,35.3,21.3,26,0,10,567,690
1990-11,43,145.9,-102.9,-0.5,-0.28,-0.2,0.21,0.61,0.9,-0.39,-0.07,34.6,22,21,2,14,549,618
1990-12,51,144.3,-93.3,-0.9,-0.99,-1.11,-0.79,-0.08,0.44,-1.52,-1.12,33.8,21.9,11,2,5,554,654
1991-01,165,107,58,-0.12,0.08,-0.97,-0.8,-0.78,-0.28,-1.23,-0.82,30.8,21.7,0,6,3,504,509
1991-02,155,117.2,37.8,-0.64,-0.81,-1.15,-1.13,-1.19,-0.88,-1.42,-1.02,31.8,21.5,1,2,2,466,572
1991-03,417,105.9,311.1,1.16,1.26,0.37,0.51,-0.28,-0.05,-0.41,-0.11,30.6,21.4,0,18,2,496,519
1991-04,97,113.8,-16.8,-0.78,-0.81,-0.06,-0.1,-0.52,-0.48,-0.45,-0.2,31.1,21.7,0,5,3,492,576
1991-05,56,117.3,-61.3,-0.06,-0.02,0.16,0.22,-0.44,-0.38,-0.29,-0.04,31.8,21.3,0,1,3,514,581
1991-06,17,119.7,-102.7,0.31,0.29,-0.63,-0.58,-0.2,-0.12,-0.28,-0.02,32.5,20.6,0,0,6,497,586
1991-07,3,128.8,-125.8,-0.26,0.6,-0.07,0.07,-0.11,-0.06,-0.48,-0.24,32.9,18.6,0,0,11,488,623
1991-08,0,154,-154,,0.51,-0.01,0.44,0.14,0.26,-0.52,-0.27,34.1,18.7,14,0,31,508,648
1991-09,0,150.2,-150.2,,0.64,-1.07,0.63,-0.75,-0.38,-0.64,-0.36,35.8,20.6,30,0,30,546,623
1991-10,5,171.8,-166.8,-1.1,-0.55,-1.61,0,-0.56,-0.02,-0.64,-0.41,36.2,21.6,29,0,11,586,689
1991-11,97,152.8,-55.8,0.72,0.68,0.01,0.29,-0.04,0.35,-0.44,-0.24,34.7,21.7,18,5,7,546,609
1991-12,63,151.7,-88.7,-0.65,-0.87,-0.38,-0.35,-0.53,-0.06,-0.36,-0.14,34,22.7,16,3,18,570,630
1992-01,433,124.4,308.6,1.96,1.79,1.5,1.36,1.19,1.2,0.39,0.45,32.5,22.4,6,13,6,542,520
1992-02,232,108.1,123.9,0.35,0.26,1.49,1.35,1.28,1.24,0.63,0.68,31.1,22,0,6,4,480,509
1992-03,236,129.7,106.3,-0.31,-0.43,1.3,1.22,0.86,0.76,0.1,0.21,32.2,21.8,0,6,4,527,612
1992-04,172,123,49,-0.06,-0.16,-0.2,-0.35,0.58,0.44,0.35,0.36,31.9,21.8,0,5,13,505,602
1992-05,9,134.7,-125.7,-1.71,-1.69,-0.49,-0.68,0.27,0.11,0.19,0.18,33.2,21.6,0,0,10,538,635
1992-06,2,135.5,-133.5,-1.27,-1.4,-0.52,-0.79,0.43,0.26,0.15,0.09,33.6,20.7,0,0,18,514,599
1992-07,4,148.8,-144.8,-0.1,-0.62,-1.75,-1.57,-0.48,-0.71,0.15,0.03,33.7,19.7,4,0,18,518,644
1992-08,1,166.6,-165.6,-1.06,-0.5,-0.86,-1.06,-0.57,-0.81,0.15,-0.01,34.9,20.5,24,0,20,549,708
1992-09,1,171.3,-170.3,-1.39,-0.45,-0.67,-0.66,-0.63,-0.85,0.16,-0.09,36.2,21.6,29,0,23,566,684
1992-10,15,189.4,-174.4,-0.35,-0.93,-0.7,-0.86,-1.6,-1.38,0.19,-0.13,37,22.5,31,1,20,611,730
1992-11,36,157.6,-121.6,-0.73,-0.77,-1.02,-1.09,-1.11,-1.2,0.01,-0.29,35.9,22.5,27,1,12,576,626
1992-12,124,151.5,-27.5,0.31,0.29,-0.28,-0.49,-0.39,-0.65,0.19,-0.03,34.9,22.3,24,5,6,577,613
1993-01,183,142.4,40.6,0.07,-0.12,-0.2,-0.5,-0.41,-0.81,-0.63,-0.91,33.6,21.9,10,4,8,551,608
1993-02,172,107,65,-0.4,-0.47,-0.22,-0.43,-0.64,-0.99,-0.82,-1.06,32.1,21.3,5,7,7,468,486
1993-03,153,121.4,31.6,-1.26,-1.34,-1.2,-1.35,-1.24,-1.52,-1.23,-1.43,30.9,21.1,0,6,4,496,606
1993-04,98,114.6,-16.6,-0.77,-0.81,-1.37,-1.29,-1.21,-1.3,-1.56,-1.66,31.7,21.6,0,4,4,498,567
1993-05,65,122.7,-57.7,0.12,0.05,-1.02,-1.03,-1.01,-1.12,-1.25,-1.42,32.3,21.1,0,2,8,516,604
1993-06,5,127,-122,-0.7,-0.75,-0.64,-0.69,-1.16,-1.22,-1.25,-1.39,33.4,20.4,5,0,10,508,603
1993-07,0,142.3,-142.3,,-0.43,-0.18,-0.37,-1.25,-1.17,-1.26,-1.36,34.2,20.2,10,0,31,533,625
1993-08,6,164,-158,0.29,0.17,-0.52,-0.52,-1.07,-1.02,-1.25,-1.33,35.7,21.8,29,0,13,581,701
1993-09,33,170.8,-137.8,1.17,1.2,0.87,0.44,-0.49,-0.52,-1.13,-1.2,36,21.8,26,1,11,567,682
1993-10,15,173.4,-158.4,-0.35,-0.19,0.48,0.32,0.02,-0.15,-1.07,-1.08,36.2,22.5,28,0,10,600,730
1993-11,97,148.8,-51.8,0.72,0.75,0.64,0.59,0.39,0.22,-0.83,-0.87,34.9,22.9,19,4,5,568,619
1993-12,58,150.2,-92.2,-0.75,-0.96,-0.33,-0.24,-0.12,-0.06,-0.99,-0.99,33.6,22.3,9,2,9,556,623
1994-01,364,113.3,250.7,1.53,1.53,1.06,1.09,1.04,1.03,-0.46,-0.45,30.8,21.4,0,13,3,500,549
1994-02,253,102.4,150.6,0.58,0.59,1.17,1.19,1.22,1.2,-0.17,-0.2,30.6,21.2,0,10,2,446,500
1994-03,310,115.6,194.4,0.36,0.45,1.44,1.47,1.01,1.02,0.31,0.33,30.6,21.2,0,12,3,494,576
1994-04,227,109.5,117.5,0.34,0.39,0.46,0.49,0.82,0.85,0.71,0.68,30.6,21.3,0,9,3,478,556
1994-05,43,112.2,-69.2,-0.35,-0.19,0.2,0.26,0.61,0.67,0.62,0.65,31,21.2,0,0,4,500,572
1994-06,16,108.8,-92.8,0.25,0.74,0.14,0.28,0.84,0.95,0.66,0.72,31.4,20.5,0,0,14,478,563
1994-07,1,124.6,-123.6,-0.77,0.7,-0.37,0.13,0.29,0.43,0.66,0.76,32,19.2,0,0,30,484,632
1994-08,1,151.8,-150.8,-1.06,0.78,-0.11,0.77,0.17,0.35,0.64,0.77,34.1,19.6,7,0,26,522,698
1994-09,4,169.4,-165.4,-0.65,-0.17,-0.67,0.4,0.04,0.29,0.56,0.69,35.6,21.1,28,0,26,550,709
1994-10,28,181.3,-153.3,0.19,-0.01,-0.08,0.03,-0.38,0.03,0.58,0.65,36,21.7,26,1,15,584,725
1994-11,59,155.1,-96.1,-0.07,-0.12,-0.18,-0.29,-0.22,0.1,0.48,0.56,34.5,22.2,19,2,7,550,637
1994-12,66,140.7,-74.7,-0.59,-0.54,-0.52,-0.5,-0.63,-0.26,0.49,0.63,33.8,21.7,16,2,11,550,613
1995-01,118,123.5,-5.5,-0.7,-0.74,-1.13,-1.21,-1.15,-1.07,-0.26,-0.1,31.1,21.1,0,4,6,498,591
1995-02,223,99,124,0.25,0.27,-0.82,-0.74,-0.89,-0.84,-0.34,-0.17,30.3,21.2,0,7,1,442,484
1995-03,237,119,118,-0.3,-0.29,-0.68,-0.65,-0.94,-0.92,-0.64,-0.38,31.1,21.7,0,9,5,509,582
1995-04,491,99,392,1.68,1.69,1.08,1.16,0.45,0.49,0.26,0.42,30.4,21.8,0,15,3,482,494
1995-05,219,101.6,117.4,1.95,1.91,1.39,1.43,0.91,1,0.77,0.92,30.8,22,0,6,4,508,504
1995-06,0,114.6,-114.6,,-0.33,1.84,1.79,1.07,1.17,0.73,0.86,30.7,19.9,0,0,30,458,574
1995-07,1,133.8,-132.8,-0.77,0.22,1.59,1.61,1.33,1.39,0.73,0.83,31.4,19.5,0,0,27,479,627
1995-08,0,160.7,-160.7,,-0.07,-1.96,-0.16,1.29,1.33,0.72,0.8,33.7,20,4,0,31,524,719
1995-09,0,170.2,-170.2,,-0.44,-1.6,-0.21,1.76,1.7,0.72,0.77,35.6,21.8,26,0,30,560,718
1995-10,24,169.6,-145.6,0.05,0.25,-0.39,-0.12,1.13,1.13,0.68,0.74,35.7,22.6,28,1,7,594,704
1995-11,192,135.9,56.1,2.04,1.89,1.45,1.41,1.01,1.05,1.04,1.09,33.8,22.5,14,5,13,544,600
1995-12,108,133.8,-25.8,0.09,0.32,1,1.14,0.8,0.97,1.09,1.16,33.3,22,6,6,9,546,616
1996-01,182,118.1,63.9,0.06,0.15,0.82,1.02,0.63,0.87,1.27,1.3,31.2,21.1,0,8,5,500,570
1996-02,137,108.2,28.8,-0.92,-0.91,-0.65,-0.53,0.15,0.48,1.08,1.13,30.9,21.4,0,5,3,468,527
1996-03,399,105.2,293.8,1.04,1.16,0.25,0.38,0.75,0.94,1.58,1.51,30.5,21.6,0,17,2,498,514
1996-04,252,103.2,148.8,0.5,0.61,0.45,0.53,0.7,0.84,0.95,1.1,30.5,21.8,0,12,2,484,514
1996-05,78,116.2,-38.2,0.35,0.41,0.73,0.83,0.3,0.43,0.51,0.7,31.1,20.9,0,3,12,496,591
1996-06,0,125.3,-125.3,,-0.93,0.37,0.44,0.3,0.4,0.51,0.68,31.7,19.2,0,0,30,464,586
1996-07,5,141.2,-136.2,0.03,0,0.05,-0.06,0.36,0.42,0.52,0.66,32.6,18.9,0,0,21,488,635
1996-08,0,160.2,-160.2,,-0.03,-1.08,-0.5,0.65,0.7,0.52,0.65,34.3,20.4,14,0,31,538,690
1996-09,0,169.1,-169.1,,-0.38,-0.78,-0.26,0.27,0.31,0.53,0.64,35.9,21.2,30,0,30,556,691
1996-10,48,155.8,-107.8,0.75,1.09,0.34,0.62,0.1,0.19,0.58,0.69,34.9,22.4,21,1,9,578,684
1996-11,82,131.9,-49.9,0.44,0.78,0.43,0.82,0.13,0.41,0.27,0.43,33.2,22.2,10,4,6,532,585
1996-12,45,145.9,-100.9,-1.05,-1.2,-0.28,0.2,-0.4,0.08,0.09,0.3,34.2,22,15,0,11,560,663
1997-01,287,108.3,178.7,0.98,1.13,0.35,0.63,0.34,0.73,0.36,0.52,30.9,21.6,0,10,3,504,507
1997-02,41,124,-83,-3.18,-2.04,-1.13,-1.21,-0.85,-0.5,0.1,0.24,32,21.1,0,1,7,464,600
1997-03,435,106.7,328.3,1.28,1.35,0.53,0.61,0.23,0.49,0.21,0.4,30.7,21.6,0,12,1,500,508
1997-04,290,113,177,0.73,0.78,0.36,0.32,0.4,0.47,0.34,0.45,30.8,21.4,0,5,3,484,562
1997-05,116,116.2,-0.2,0.89,0.95,1.08,1.13,0.49,0.52,0.44,0.57,30.5,20.4,0,6,12,478,582
1997-06,0,119.2,-119.2,,-0.58,0.73,0.77,0.7,0.75,0.44,0.58,32,18.3,0,0,30,454,608
1997-07,0,144.7,-144.7,,-0.61,0.52,0.39,0.4,0.37,0.43,0.55,32.7,18.4,0,0,31,482,648
1997-08,0,165.5,-165.5,,-0.49,,-0.7,0.98,0.97,0.43,0.53,34.5,19.5,14,0,31,527,700
1997-09,0,160.5,-160.5,,0.11,,-0.4,0.62,0.61,0.43,0.54,36.2,21.4,30,0,30,564,694
1997-10,37,167.5,-130.5,0.47,0.65,0.04,0.28,0.34,0.32,0.39,0.43,36.4,22.4,29,2,10,600,707
1997-11,35,150.2,-115.2,-0.76,-0.6,-0.55,-0.17,-0.84,-0.43,0.26,0.28,35.6,22,26,0,9,565,664
1997-12,73,142.6,-69.6,-0.46,-0.43,-0.62,-0.39,-0.79,-0.47,0.33,0.42,34.9,21.9,16,2,9,570,628
1998-01,215,115.1,99.9,0.38,0.52,-0.37,-0.27,-0.41,-0.14,0.1,0.14,32,21.5,2,8,2,519,539
1998-02,125,128.3,-3.3,-1.12,-1.27,-0.77,-0.9,-1,-0.91,0.36,0.36,32.7,22.2,0,5,5,488,617
1998-03,95,119.8,-24.8,-2.18,-2.1,-1.8,-1.78,-1.94,-1.87,-0.78,-0.67,31.8,21.8,0,3,4,522,578
1998-04,47,127,-80,-1.54,-1.52,-2.52,-2.08,-2.08,-1.86,-1.8,-1.57,32.8,22.3,0,2,4,526,607
1998-05,3,134.6,-131.6,-2.41,-1.89,-2.3,-1.97,-2.11,-1.98,-2.24,-1.96,33.6,22.2,7,0,25,556,612
1998-06,0,139.3,-139.3,,-1.73,-2.03,-1.91,-2.15,-2.04,-2.27,-2.04,34,21.4,8,0,30,532,584
1998-07,0,158.5,-158.5,,-1.82,-2.89,-1.94,-2.68,-2.26,-2.26,-2.04,35.1,21.7,26,0,31,570,626
1998-08,0,179.7,-179.7,,-1.58,,-1.83,-2.42,-2.08,-2.27,-2.07,36.3,21.6,31,0,31,588,704
1998-09,0,191.6,-191.6,,-1.62,,-1.84,-2.23,-2.04,-2.28,-2.07,37.4,23,30,0,30,606,729
1998-10,11,189.7,-178.7,-0.58,-1.17,-1.05,-1.79,-2.35,-1.93,-2.3,-2.01,37.4,23.7,29,0,17,638,739
1998-11,80,145.3,-65.3,0.4,0.52,-0.18,-0.61,-0.5,-1.22,-2.07,-1.92,35,23.7,21,4,16,581,581
1998-12,109,137.3,-28.3,0.11,0.28,-0.02,0.07,-0.2,-0.62,-1.77,-1.86,33.1,22.8,7,4,7,557,623
1999-01,175,117,58,-0.01,0.08,-0.03,0.16,-0.3,-0.51,-2.09,-1.98,31.2,22.4,0,7,4,521,541
1999-02,262,106.3,155.7,0.68,0.65,0.29,0.45,0.11,0.12,-1.48,-1.51,30.7,22,0,9,3,458,511
1999-03,303,112,191,0.3,0.42,0.39,0.49,0.24,0.33,-0.76,-0.98,30.3,21.9,0,13,0,500,551
1999-04,148,115.3,32.6,-0.26,-0.32,0.13,0.12,0.04,0.09,-0.4,-0.66,31,21.7,0,2,1,492,573
1999-05,109,108.4,0.6,0.8,0.96,0.13,0.18,0.14,0.23,-0.03,-0.2,30.8,21.3,0,2,8,497,540
1999-06,2,122.1,-120.1,-1.27,-0.63,-0.02,0.04,0.13,0.22,-0.02,-0.14,32.6,19.9,0,0,18,488,599
1999-07,0,145.8,-145.8,,-0.7,0.45,0.38,0.19,0.21,-0.02,-0.1,33.2,19.5,0,0,31,507,658
1999-08,0,169.9,-169.9,,-0.86,-1.61,-0.86,0.03,0.02,-0.02,-0.07,34.6,20.3,19,0,31,542,723
1999-09,9,170.3,-161.3,-0.08,0.06,-0.41,-0.56,-0.1,-0.12,0.01,0.01,35.8,22.4,26,0,21,572,724
1999-10,0,171.8,-171.8,,-0.79,-1.2,-0.69,-0.03,-0.08,-0.02,0,35.7,22.7,26,0,31,594,718
1999-11,52,141.2,-89.2,-0.24,0.04,-0.79,-0.4,-1.02,-0.66,-0.1,-0.03,34.2,22.8,16,2,12,554,616
1999-12,159,122.4,36.6,0.71,0.99,0.08,0.48,-0.02,0.25,0.06,0.22,31.6,22.2,5,7,5,525,558
2000-01,118,125.6,-7.6,-0.7,-0.76,-0.32,-0.05,-0.6,-0.32,-0.15,-0.05,31.5,21.7,0,7,7,514,609
2000-02,334,109.9,224.1,1.37,1.38,0.75,0.88,0.33,0.61,0.09,0.15,30.6,21.4,0,11,2,464,546
2000-03,270,118.6,151.4,0.01,0.06,0.28,0.26,0.2,0.38,-0.02,0.1,30.9,21.7,0,9,3,506,586
2000-04,202,109.3,92.7,0.17,0.2,0.53,0.52,0.25,0.32,0.16,0.23,30.8,21.6,0,9,2,486,550
2000-05,71,122.1,-51.1,0.23,0.18,0.06,0.05,0.3,0.35,0.04,0.09,31.6,21.3,0,2,10,510,617
2000-06,13,114,-101,0.06,0.37,0.14,0.2,0.16,0.18,0.07,0.15,31.6,20.8,0,0,11,486,548
2000-07,10,129.4,-119.4,0.49,0.89,0.21,0.31,0.46,0.5,0.1,0.22,32.5,20.6,0,0,17,514,601
2000-08,0,163,-163,,-0.27,0.12,0.42,0.04,0.11,0.1,0.24,33.8,20.3,8,0,31,530,687
2000-09,35,165.4,-130.4,1.24,1.48,1.03,1.01,0.25,0.35,0.18,0.31,34.8,21.9,20,1,8,550,683
2000-10,19,181.2,-162.2,-0.16,-0.35,0.48,0.3,0.29,0.27,0.24,0.3,36,21.8,29,0,13,586,724
2000-11,44,170.7,-126.7,-0.47,-0.91,-0.06,-0.36,-0.05,-0.09,0.22,0.22,35.4,22.1,24,2,20,562,681
2000-12,150,146.6,3.4,0.61,0.68,0.1,-0.06,0.3,0.27,0.2,0.2,33.8,22.3,13,3,8,558,618
2001-01,180,116.3,63.7,0.04,0.15,0.05,-0.04,0.1,0.06,0.35,0.31,31.1,21.5,0,7,6,504,551
2001-02,255,100.6,154.4,0.6,0.63,0.57,0.69,0.4,0.45,0.14,0.13,30.5,21.4,0,9,2,446,491
2001-03,302,116.2,185.8,0.29,0.38,0.37,0.49,0.29,0.26,0.24,0.3,30.9,21.9,0,9,1,508,566
2001-04,209,104.8,104.2,0.22,0.29,0.36,0.42,0.26,0.24,0.26,0.29,31,21.9,0,9,5,494,515
2001-05,50,116.2,-66.2,-0.18,-0.12,0.13,0.18,0.27,0.35,0.19,0.26,31.6,22,0,2,8,520,565
2001-06,22,118.3,-96.3,0.58,0.59,0.11,0.2,0.2,0.31,0.22,0.27,31.5,21.3,0,0,14,492,560
2001-07,3,138.7,-135.7,-0.26,0.04,-0.09,-0.04,0.25,0.33,0.2,0.22,32.5,20.5,0,0,22,510,622
2001-08,2,175.6,-173.6,-0.62,-1.15,0.28,-0.1,0.13,0.14,0.2,0.18,34.5,20.3,15,0,21,540,718
2001-09,18,175,-157,0.52,0.3,0.34,-0.28,0.11,0.09,0.15,0.08,36,22.8,26,1,15,582,702
2001-10,20,168.5,-148.5,-0.11,0.16,0.13,-0.17,-0.09,-0.16,0.16,0.09,36.6,23.5,30,0,14,622,705
2001-11,113,141.2,-28.2,0.98,1.09,0.71,0.75,0.63,0.49,0.37,0.39,34.8,23.6,22,3,12,575,613
2001-12,131,142,-11,0.39,0.51,0.54,0.74,0.52,0.56,0.31,0.41,34,23.1,16,4,8,575,621
2002-01,307,111.4,195.6,1.13,1.24,1.26,1.32,1.15,1.14,0.64,0.67,30.6,22,0,13,3,505,539
2002-02,178,125.9,52.1,-0.31,-0.63,0.78,0.79,0.92,0.96,0.45,0.42,32.2,22.2,1,8,6,482,604
2002-03,224,119.8,104.2,-0.43,-0.45,0.2,0.16,0.41,0.48,0.22,0.28,31.4,22,0,6,2,518,581
2002-04,155,116.4,38.6,-0.2,-0.26,-0.61,-0.75,0.15,0.11,0.05,0.03,31.5,22.1,0,5,3,504,565
2002-05,98,120.5,-22.5,0.65,0.66,-0.22,-0.26,0.1,0.05,0.21,0.18,32,21.9,0,3,5,526,575
2002-06,13,122.7,-109.7,0.06,-0.07,0.02,0,0.05,0,0.18,0.14,32.5,21.1,0,0,17,504,567
2002-07,13,139,-126,0.7,0.59,0.62,0.46,-0.37,-0.47,0.21,0.17,33.7,21.3,5,0,10,542,620
2002-08,1,165,-164,-1.06,-0.36,0.28,0.04,-0.21,-0.24,0.2,0.19,35.1,21,26,0,28,560,715
2002-09,31,165.4,-134.4,1.09,1.33,1.03,0.76,0.15,0.12,0.25,0.24,35.8,22.4,28,1,25,574,710
2002-10,10,185.3,-175.3,-0.65,-0.98,0.18,-0.06,0.47,0.23,0.21,0.13,37,23.5,31,0,12,628,750
2002-11,30,163.5,-133.5,-0.95,-1.11,-0.57,-0.72,-0.39,-0.5,-0.03,-0.14,36.3,23.7,29,1,7,600,684
2002-12,137,140.2,-3.2,0.46,0.6,-0.26,-0.35,0,-0.02,0,-0.04,33.9,23.1,12,5,6,573,627
2003-01,196,136.7,59.3,0.2,0.1,-0.04,-0.2,-0.07,-0.22,-0.39,-0.53,33,22.8,9,7,4,554,623
2003-02,219,100.9,118.1,0.2,0.19,0.33,0.36,0.01,-0.01,-0.24,-0.33,30.9,22.2,0,7,2,464,473
2003-03,276,120.9,155.1,0.07,0.09,0.08,0.03,-0.15,-0.27,-0.09,-0.14,31.1,22.1,0,11,2,514,588
2003-04,161,122.6,38.4,-0.15,-0.26,-0.12,-0.2,-0.17,-0.33,-0.07,-0.2,31.8,22.3,0,8,5,512,604
2003-05,66,125.1,-59.1,0.14,0.02,-0.11,-0.2,-0.03,-0.12,-0.17,-0.3,32.1,21.9,0,2,11,528,599
2003-06,39,117.9,-78.9,1.26,1.25,0.02,-0.04,-0.02,-0.09,-0.09,-0.2,32.2,21.1,0,2,7,499,569
2003-07,2,148.8,-146.8,-0.46,-0.77,0.4,0.14,-0.04,-0.12,-0.12,-0.26,33.2,20,0,0,18,515,650
2003-08,20,154.2,-134.2,1.75,1.94,1.24,0.92,0.04,-0.03,-0.06,-0.17,35.1,21.5,26,1,16,568,692
2003-09,2,173.1,-171.1,-1.04,-0.49,0.38,0.09,0.03,-0.05,-0.16,-0.3,36.3,22.8,30,0,15,587,734
2003-10,6,181.1,-175.1,-0.99,-0.97,-0.24,-0.2,0.15,-0.05,-0.15,-0.3,37.1,23.9,31,0,16,634,743
2003-11,100,147.4,-47.5,0.77,0.81,0.1,0.01,0.53,0.37,0.07,-0.02,34.9,23.7,21,3,6,580,646
2003-12,51,147.4,-96.4,-0.9,-1.07,-0.48,-0.44,-0.39,-0.32,-0.17,-0.21,34.4,23.4,17,1,5,586,660
2004-01,462,109.4,352.6,2.12,1.95,1.62,1.53,1.43,1.34,0.56,0.51,31.1,22.5,4,14,4,522,506
2004-02,278,111.5,166.5,0.84,0.77,1.86,1.67,1.65,1.43,0.74,0.63,31,22.3,0,13,2,482,541
2004-03,191,128.8,62.1,-0.79,-0.95,1.46,1.41,0.97,0.9,0.54,0.47,31.7,22.3,0,7,3,526,625
2004-04,121,111.4,9.6,-0.52,-0.54,-0.44,-0.55,0.48,0.46,0.42,0.36,31.3,22.2,0,3,3,502,543
2004-05,62,125.7,-63.6,0.06,-0.07,-0.7,-0.78,0.33,0.3,0.4,0.36,32.1,21.9,0,1,5,526,620
2004-06,7,117.1,-110.1,-0.45,-0.09,-0.47,-0.46,0.55,0.55,0.3,0.27,32,20.7,0,0,11,490,558
2004-07,12,136.7,-124.7,0.63,0.65,0.01,-0.04,-0.41,-0.46,0.33,0.33,32.8,20.6,1,0,13,518,627
2004-08,6,165.9,-159.9,0.29,0,0.2,0.16,-0.69,-0.69,0.29,0.25,34.8,21.8,17,0,15,568,708
2004-09,8,174.6,-166.6,-0.17,-0.24,0.45,0.11,-0.43,-0.41,0.31,0.24,36,22.8,28,0,8,582,734
2004-10,31,174.9,-143.9,0.29,0.3,0.26,0.01,0.04,-0.09,0.37,0.29,36.6,23.6,29,0,13,624,747
2004-11,92,160.1,-68,0.63,0.47,0.45,0.21,0.39,0.19,0.36,0.26,36.2,23.6,25,2,12,598,686
2004-12,91,144.5,-53.5,-0.15,-0.12,0.11,0.14,0.15,0.13,0.46,0.43,34.5,23.5,17,2,4,589,634
2005-01,116,131.4,-15.4,-0.73,-0.88,-0.59,-0.78,-0.55,-0.71,-0.63,-0.69,33,22.9,8,3,5,556,604
2005-02,247,114,133,0.52,0.38,-0.42,-0.55,-0.25,-0.36,-0.71,-0.77,32,22.9,0,9,3,488,534
2005-03,294,118.7,175.3,0.22,0.29,-0.14,-0.25,-0.13,-0.23,-0.41,-0.44,31.6,22.7,0,12,3,532,566
2005-04,94,124,-30,-0.82,-0.95,-0.22,-0.36,-0.5,-0.68,-0.51,-0.63,32.3,22.4,0,2,4,521,590
2005-05,114,119,-5,0.87,0.89,-0.11,-0.17,-0.38,-0.5,-0.3,-0.41,31.5,22.3,0,4,5,522,574
2005-06,23,118.3,-95.3,0.63,0.63,-0.19,-0.24,-0.28,-0.36,-0.26,-0.36,31.9,21.7,0,0,10,505,559
2005-07,1,148.5,-147.5,-0.77,-0.83,0.78,0.58,0,-0.1,-0.29,-0.43,33.1,20.8,1,0,20,524,659
2005-08,1,168.9,-167.9,-1.06,-0.69,0.2,-0.23,-0.11,-0.21,-0.31,-0.46,35,21.5,21,0,24,565,709
2005-09,0,172.2,-172.2,,-0.56,-1.28,-0.84,-0.32,-0.42,-0.34,-0.49,36.6,22.4,30,0,30,586,728
2005-10,6,184.6,-178.6,-0.99,-1.16,-1.38,-1.05,0.26,-0.07,-0.4,-0.58,37.5,23.6,31,0,14,637,755
2005-11,88,165.3,-77.3,0.55,0.29,-0.13,-0.49,-0.08,-0.46,-0.4,-0.57,36.8,24.1,26,3,12,614,659
2005-12,148,131.6,16.4,0.59,0.81,0.36,0.36,0.19,0.05,-0.19,-0.28,33.2,23,10,5,4,562,582
2006-01,90,133,-43,-1.12,-1.3,-0.35,-0.45,-0.64,-0.85,-0.33,-0.46,32.7,22.4,6,3,4,544,622
2006-02,202,105.8,96.2,0,-0.08,-0.54,-0.5,-0.62,-0.72,-0.45,-0.56,31.3,22.1,0,7,2,468,507
2006-03,333,120.1,212.9,0.54,0.61,-0.35,-0.44,-0.15,-0.24,-0.36,-0.45,31.5,22.6,0,15,3,528,584
2006-04,376,103,273,1.17,1.26,0.94,0.97,0.59,0.56,0.56,0.45,30.6,22.4,0,15,2,496,507
2006-05,131,115.3,15.7,1.08,1.13,1.08,1.12,0.69,0.73,0.59,0.51,31,22,0,3,7,511,571
2006-06,29,121.6,-92.6,0.89,0.74,1.25,1.28,0.68,0.69,0.61,0.52,31.1,21.4,0,1,13,488,564
2006-07,3,137.8,-134.8,-0.26,0.09,1.05,0.96,1.04,1.04,0.61,0.55,32.3,21,0,0,30,516,622
2006-08,4,164,-160,-0.08,-0.01,0.59,0.33,1.09,1.07,0.62,0.56,34.7,21.1,16,0,30,554,710
2006-09,26,170.4,-144.4,0.89,0.92,0.69,0.42,1.28,1.23,0.7,0.62,36.1,22.7,29,1,13,582,722
2006-10,22,167.7,-145.7,-0.03,0.25,0.43,0.4,0.9,0.76,0.72,0.66,35.8,23.6,24,1,21,612,698
2006-11,85,147.4,-62.4,0.5,0.57,0.47,0.54,0.53,0.49,0.72,0.71,34.5,23,18,2,7,562,658
2006-12,105,138.7,-33.7,0.05,0.2,0.09,0.34,0.19,0.39,0.57,0.62,33.6,22.9,11,2,9,567,625
2007-01,74,146.1,-72.1,-1.41,-1.78,-0.92,-1.12,-0.79,-0.81,0.52,0.5,34.1,23,12,2,12,576,654
2007-02,322,99.4,222.6,1.26,1.37,-0.05,-0.09,0.09,0.21,0.87,0.81,30.8,21.9,0,10,1,458,472
2007-03,210,128.1,81.9,-0.58,-0.71,-0.48,-0.68,-0.43,-0.45,0.56,0.57,31.6,21.9,0,10,1,519,622
2007-04,196,117.4,78.6,0.13,0.09,0.2,0.14,-0.27,-0.4,0,-0.04,32,22,0,8,2,511,563
2007-05,30,130.8,-100.8,-0.71,-0.96,-0.4,-0.54,-0.45,-0.6,-0.32,-0.39,33,21.6,0,1,22,538,615
2007-06,3,137.9,-134.9,-1.03,-1.48,-0.2,-0.41,-0.48,-0.7,-0.42,-0.53,33.2,20.9,1,0,24,512,593
2007-07,1,145.1,-144.1,-0.77,-0.56,-0.99,-1.21,-0.04,-0.21,-0.42,-0.56,34.3,21.1,11,0,17,548,641
2007-08,0,181.9,-181.9,,-1.73,-1.22,-1.46,-0.49,-0.75,-0.44,-0.63,34.9,21.4,18,0,31,562,715
2007-09,0,186.4,-186.4,,-1.35,-1.6,-1.45,-0.34,-0.72,-0.53,-0.76,36.5,23.4,30,0,30,600,714
2007-10,2,180.1,-178.1,-1.6,-1.14,-2.14,-1.7,-1.48,-1.48,-0.57,-0.82,37.5,24.4,31,0,26,648,745
2007-11,54,165.6,-111.6,-0.19,-0.5,-0.92,-1.24,-1.09,-1.47,-0.67,-0.94,36.9,23.7,28,2,11,608,683
2007-12,77,140.8,-63.8,-0.38,-0.31,-0.77,-0.89,-0.92,-1.33,-0.71,-0.96,34.4,23,16,3,7,579,616
2008-01,190,115.3,74.7,0.14,0.27,-0.39,-0.42,-0.72,-1.08,-0.39,-0.61,31.9,22.1,1,5,2,528,522
2008-02,197,114.2,82.8,-0.07,-0.25,-0.34,-0.29,-0.72,-0.94,-0.8,-1.01,31.4,21.7,0,6,4,480,544
2008-03,419,106.5,312.5,1.17,1.26,0.78,0.87,0.23,0.25,-0.13,-0.32,30.3,21.6,0,16,1,496,517
2008-04,319,108.8,210.2,0.89,0.96,1.03,1.06,0.65,0.65,0.28,0.04,30.8,22.1,0,8,1,494,540
2008-05,63,118.6,-55.5,0.08,0.09,0.96,1.02,0.64,0.7,0.37,0.2,31,22.2,0,2,8,516,588
2008-06,1,119.3,-118.3,-1.63,-0.53,0.63,0.68,0.77,0.83,0.36,0.25,31.4,20.8,0,0,17,482,583
2008-07,1,139.7,-138.7,-0.77,-0.16,-0.27,-0.24,0.8,0.81,0.36,0.26,32,20.8,0,0,19,509,621
2008-08,4,156,-152,-0.08,0.68,-0.96,-0.19,0.88,0.92,0.38,0.34,33.6,21.6,5,0,23,547,686
2008-09,2,167,-165,-1.04,-0.14,-0.58,0,0.54,0.59,0.38,0.38,35.1,23.1,23,0,28,573,710
2008-10,1,185.3,-184.3,-1.93,-1.52,-1.38,-0.65,-0.71,-0.48,0.37,0.33,36.5,23.6,31,0,21,621,763
2008-11,27,154.3,-127.3,-1.07,-0.93,-1.72,-1.25,-1.72,-0.94,0.3,0.31,36.4,23.2,26,1,13,594,669
2008-12,123,128.9,-5.9,0.29,0.57,-0.54,-0.42,-0.64,-0.34,0.42,0.51,32.9,22.5,6,3,3,549,590
2009-01,243,123.9,119.1,0.63,0.69,0.19,0.33,-0.1,0.05,0.55,0.56,32.1,21.9,1,8,4,528,582
2009-02,280,105.5,174.5,0.86,0.86,0.98,1.08,0.36,0.5,0.8,0.79,31.1,21.8,0,15,2,460,507
2009-03,269,120.7,148.3,0,0.03,0.7,0.72,0.25,0.29,0.4,0.46,31.5,21.8,0,10,1,516,591
2009-04,453,101.3,351.7,1.52,1.56,1.27,1.3,1.09,1.12,0.81,0.82,30.6,22.1,0,17,1,490,499
2009-05,338,96.5,241.5,2.84,2.44,1.69,1.68,1.85,1.77,1.5,1.45,30.3,22,0,11,3,500,479
2009-06,16,108.1,-92.1,0.25,0.76,2.13,2,1.94,1.83,1.56,1.5,30.9,20.7,0,0,11,474,553
2009-07,22,119.3,-97.3,1.17,1.61,2.71,2.51,1.91,1.86,1.6,1.56,31.7,19.9,0,1,20,490,597
2009-08,4,144.2,-140.2,-0.08,1.56,0.76,1.44,1.7,1.72,1.6,1.57,33.1,20.1,2,0,22,515,674
2009-09,3,157.8,-154.8,-0.82,0.41,0.56,1.4,2.14,2.05,1.62,1.6,35.9,21.3,28,0,16,558,715
2009-10,59,152.2,-93.2,1,1.31,0.73,1.3,2.36,2.33,1.69,1.72,34.9,22.5,21,1,7,580,679
2009-11,23,151.1,-128.1,-1.25,-0.95,-0.29,0.25,0.03,0.77,1.69,1.68,35.2,22.6,21,0,8,568,674
2009-12,162,120.9,41.1,0.74,1.03,0.38,0.79,0.42,1,1.67,1.64,32,22,4,7,4,526,545
2010-01,124,120.1,3.9,-0.62,-0.6,-0.5,-0.25,-0.3,0.36,1.45,1.53,31.2,22.1,0,4,4,516,566
2010-02,112,113,-1.1,-1.35,-1.25,-0.9,-0.74,-1.01,-0.5,1.06,1.24,32,22.8,3,5,6,486,520
2010-03,224,127.5,96.5,-0.43,-0.54,-1.59,-1.6,-1.11,-0.87,1.01,1.2,32.1,22.5,0,6,4,536,608
2010-04,181,116.5,64.5,0.01,-0.03,-0.82,-0.92,-0.94,-0.92,0.2,0.53,31.8,22.3,0,7,6,512,570
2010-05,57,120.6,-63.6,-0.04,-0.07,-0.28,-0.37,-0.74,-0.73,-0.74,-0.4,33.4,22,2,2,9,549,575
2010-06,35,121.2,-86.2,1.12,0.99,0.06,0.04,-0.91,-0.94,-0.68,-0.38,32.4,20.8,0,2,22,498,568
2010-07,7,145.1,-138.1,0.24,-0.12,0.29,0.1,-0.66,-0.73,-0.73,-0.51,34.2,20.9,11,0,13,544,630
2010-08,0,165.8,-165.8,,-0.52,0.76,0.27,-0.21,-0.3,-0.75,-0.59,35.3,21.4,24,0,31,568,681
2010-09,0,180.9,-180.9,,-1.05,-0.58,-0.76,-0.03,-0.15,-0.77,-0.68,36.8,22.5,29,0,30,590,714
2010-10,60,155.6,-95.6,1.02,1.28,0.61,0.53,0.4,0.24,-0.72,-0.66,36.9,23.3,27,2,11,624,647
2010-11,47,142.6,-95.6,-0.38,-0.11,0.09,0.3,0.3,0.29,-0.63,-0.53,35.2,23,21,2,14,573,624
2010-12,86,125.8,-39.8,-0.23,0.11,-0.09,0.43,-0.2,0.14,-0.83,-0.69,32.6,22.7,7,3,5,548,570
2011-01,201,115.1,85.9,0.25,0.38,-0.28,0.05,-0.15,0.22,-0.64,-0.54,30.8,21.8,0,6,2,506,548
2011-02,261,100.5,160.5,0.67,0.7,0.31,0.59,0.22,0.63,-0.14,-0.07,30.4,21.6,0,12,2,448,490
2011-03,284,120.7,163.3,0.14,0.17,0.42,0.52,0.23,0.55,0.04,0.19,31.6,21.7,0,10,1,518,590
2011-04,199,114.2,84.8,0.15,0.14,0.27,0.26,0.05,0.14,0.1,0.2,31.4,21.7,0,3,3,498,566
2011-05,111,111.2,-0.2,0.83,0.95,0.26,0.28,0.26,0.38,0.27,0.4,31,21.6,0,4,6,505,550
2011-06,5,115.6,-110.6,-0.7,-0.11,0.29,0.38,0.35,0.44,0.17,0.33,32.3,20.6,0,0,12,494,565
2011-07,10,128.9,-118.9,0.49,0.91,0.64,0.78,0.36,0.44,0.18,0.38,32.8,19.9,1,0,21,507,611
2011-08,11,156.7,-145.7,0.95,1.18,0.24,0.6,0.25,0.33,0.22,0.43,35.2,20.6,24,0,21,554,695
2011-09,0,177.1,-177.1,,-0.84,0.26,0.35,0.28,0.37,0.22,0.42,36.4,22,29,0,30,576,724
2011-10,250,152.2,97.8,3.38,2.53,3.09,2.53,2.06,1.89,0.75,0.87,34.7,22.5,20,6,7,577,672
2011-11,47,132.6,-85.6,-0.38,0.12,2.19,2,1.87,1.78,0.76,0.9,32.4,22.3,0,2,11,522,614
2011-12,24,144.4,-120.4,-1.71,-1.84,0.98,1.17,0.91,1.1,0.57,0.73,34.1,22.5,15,0,11,568,650
2012-01,185,120.7,64.3,0.09,0.15,-1,-0.83,0.7,0.94,0.51,0.65,31.8,21.8,5,7,3,520,553
2012-02,204,112.4,91.6,0.02,-0.14,-0.77,-0.82,0.57,0.81,0.37,0.48,31.3,21.3,0,6,7,474,533
2012-03,118,122.8,-4.8,-1.78,-1.82,-1.21,-1.25,-0.37,-0.15,-0.14,0.09,31.8,21.8,0,4,4,521,592
2012-04,56,120.6,-64.6,-1.37,-1.34,-1.67,-1.54,-1.84,-1.62,-0.65,-0.46,32.5,21.8,0,1,6,514,583
2012-05,26,128.4,-102.4,-0.85,-1.01,-1.8,-1.65,-1.83,-1.73,-0.93,-0.77,34.1,21.7,10,0,7,556,602
2012-06,24,122,-98,0.67,0.51,-1.22,-1.21,-1.46,-1.43,-0.87,-0.73,34.4,21.6,15,0,16,539,566
2012-07,0,144.9,-144.9,,-0.63,-0.58,-0.7,-1.61,-1.48,-0.9,-0.8,35,21.2,20,0,31,560,642
2012-08,0,180.3,-180.3,,-1.62,0.16,-0.54,-1.74,-1.58,-0.95,-0.91,35.6,21.5,28,0,31,574,715
2012-09,0,174.6,-174.6,,-0.69,,-1.15,-1.39,-1.31,-0.96,-0.9,37.3,22.1,30,0,30,592,705
2012-10,21,184.5,-163.5,-0.07,-0.4,-0.52,-1.04,-0.72,-0.93,-1.82,-1.55,38.1,23.7,31,1,12,648,741
2012-11,62,146.7,-84.7,0.01,0.14,-0.33,-0.41,-0.25,-0.53,-1.75,-1.56,35.2,23.7,23,2,12,584,628
2012-12,91,135.4,-44.4,-0.15,0.04,-0.29,-0.14,-0.46,-0.53,-1.36,-1.32,33.4,22.7,7,4,7,560,609
2013-01,129,116.9,12.1,-0.55,-0.49,-0.74,-0.58,-0.9,-0.97,-1.71,-1.53,31.4,22.3,0,5,4,522,542
2013-02,99,121.9,-22.9,-1.6,-1.47,-1.67,-1.69,-1.7,-1.87,-2.17,-1.79,32.5,22.5,0,4,7,490,575
2013-03,247,123.8,123.2,-0.2,-0.24,-1.46,-1.51,-1.47,-1.48,-1.73,-1.66,32.3,22.5,4,6,6,538,576
2013-04,147,119.9,27.1,-0.27,-0.37,-0.96,-1.07,-1.17,-1.16,-1.35,-1.37,31.6,22.4,0,7,3,510,589
2013-05,86,122,-36,0.48,0.45,-0.2,-0.29,-0.99,-1.03,-1.04,-1.13,32.3,22.4,0,3,5,536,598
2013-06,65,116.6,-51.6,2.01,1.96,0.2,0.19,-0.74,-0.79,-0.9,-0.98,32.8,21.7,1,2,5,518,562
2013-07,21,133.2,-112.2,1.12,1.17,1.15,1.07,-0.44,-0.51,-0.82,-0.86,34.5,21,15,0,9,550,609
2013-08,0,161.6,-161.6,,-0.15,1.74,1.51,0.04,0.03,-0.82,-0.8,36.1,21.8,30,0,31,588,698
2013-09,3,181.6,-178.6,-0.82,-0.92,0.38,0.08,0.21,0.15,-0.82,-0.81,37.7,22.7,30,0,21,606,742
2013-10,34,173.4,-139.4,0.38,0.43,0.04,-0.18,0.85,0.64,-0.72,-0.7,36.7,23.1,28,1,10,617,731
2013-11,131,139,-8,1.26,1.33,0.92,0.83,1.34,1.16,-0.48,-0.45,34.7,23,18,4,5,566,586
2013-12,167,135.8,31.1,0.8,0.94,1.05,1.13,1,1.01,-0.2,-0.15,32.5,22.5,7,6,6,544,623
2014-01,117,122,-5,-0.71,-0.73,0.35,0.56,0.27,0.42,-0.29,-0.29,31.3,21.9,0,6,4,515,571
2014-02,187,102.7,84.3,-0.19,-0.23,-0.28,-0.14,0.12,0.34,0.01,0.02,31,22,0,5,2,462,483
2014-03,261,116.8,144.2,-0.07,-0.02,-0.77,-0.74,0.01,0.2,0.04,0.14,31.3,22.2,0,11,2,519,562
2014-04,154,112.9,41.1,-0.21,-0.24,-0.38,-0.4,-0.18,-0.12,0.06,0.14,31.9,22.2,0,7,3,512,545
2014-05,68,116.4,-48.4,0.18,0.23,-0.19,-0.19,-0.39,-0.34,0.01,0.12,32.1,22.3,0,1,5,532,566
2014-06,3,124,-121,-1.03,-0.68,-0.23,-0.22,-0.67,-0.62,-0.2,-0.1,33.9,21.3,5,0,13,528,584
2014-07,4,139.2,-135.2,-0.1,0.07,-0.09,-0.13,-0.39,-0.36,-0.25,-0.17,34.8,20.4,20,0,12,545,626
2014-08,0,168,-168,,-0.7,-0.86,-0.57,-0.27,-0.28,-0.25,-0.2,36,21.5,30,0,31,581,707
2014-09,6,169.8,-163.8,-0.38,-0.08,-0.33,-0.3,-0.3,-0.29,-0.24,-0.17,37.2,22.8,29,0,16,600,697
2014-10,41,176.5,-135.5,0.58,0.53,0.31,0.07,0,-0.11,-0.2,-0.17,37,23.3,26,2,17,624,704
2014-11,48,149,-101,-0.35,-0.24,-0.11,-0.08,-0.32,-0.31,-0.47,-0.41,35.9,23.2,24,2,8,586,639
2014-12,80,141.1,-61.1,-0.33,-0.26,-0.34,-0.19,-0.41,-0.27,-0.71,-0.59,34.6,22.8,17,2,4,580,616
2015-01,76,136.7,-60.7,-1.37,-1.59,-1.57,-1.73,-1.4,-1.52,-0.93,-0.86,32.9,22.1,7,1,3,544,629
2015-02,261,104.6,156.4,0.67,0.66,-0.73,-0.83,-0.78,-0.79,-0.65,-0.63,31.1,22,1,9,5,464,485
2015-03,191,114.8,76.2,-0.79,-0.78,-1.05,-1.11,-1.15,-1.15,-0.99,-0.89,31.5,22.1,0,7,3,522,543
2015-04,90,114.6,-24.6,-0.87,-0.89,-0.69,-0.69,-1.3,-1.25,-1.26,-1.16,32.9,21.8,0,3,4,522,547
2015-05,59,113.6,-54.6,0,0.11,-0.88,-0.84,-1.17,-1.13,-1.23,-1.15,33.5,21.3,2,2,9,539,530
2015-06,8,118.1,-110.1,-0.35,-0.08,-0.73,-0.64,-1.12,-1.06,-1.22,-1.12,34.6,20.3,19,0,16,524,528
2015-07,6,137.8,-131.8,0.14,0.27,-0.12,-0.02,-0.66,-0.57,-1.21,-1.09,35.8,21.2,26,0,10,574,574
2015-08,0,159.8,-159.8,,0.01,-0.33,-0.01,-0.92,-0.77,-1.22,-1.06,36.2,21.2,29,0,31,578,650
2015-09,0,163.4,-163.4,,-0.05,-0.67,0.02,-0.83,-0.57,-1.25,-1.05,37.9,22.7,30,0,30,608,701
2015-10,14,183.7,-169.7,-0.4,-0.69,-0.86,-0.47,-0.47,-0.27,-1.29,-1.08,38,23.9,30,1,19,650,746
2015-11,15,174.8,-159.8,-1.7,-1.93,-1.76,-1.51,-1.51,-1.03,-1.41,-1.23,37.9,23.9,30,0,7,628,731
2015-12,16,173.9,-157.9,-2.09,,-2.36,,-2.34,-2.4,-1.56,-1.49,37.8,24.2,31,0,17,650,693
2016-01,353,109.4,243.6,1.46,1.5,0.12,-0.17,-0.12,-0.35,-0.63,-0.65,32.2,23.2,5,9,3,548,474
2016-02,138,129.8,8.2,-0.9,-1.14,0,-0.29,-0.6,-1.09,-1.05,-1.06,33,22.8,3,7,5,520,597
2016-03,216,122.3,93.7,-0.52,-0.57,0.18,0.11,-0.81,-1.25,-1.05,-1.11,32,23.4,0,6,2,548,568
2016-04,32,126.7,-94.7,-1.89,-1.7,-1.61,-1.6,-1.19,-1.44,-1.3,-1.38,33.5,23.4,5,0,6,554,586
2016-05,34,125.2,-91.2,-0.59,-0.71,-1.22,-1.27,-1.03,-1.24,-1.34,-1.48,33.9,23,6,1,9,573,568
2016-06,10,127.4,-117.4,-0.17,-0.48,-1.6,-1.51,-0.69,-0.83,-1.35,-1.51,34.1,22.1,11,0,17,543,566
2016-07,8,143.7,-135.7,0.33,0.03,-0.53,-0.69,-1.55,-1.54,-1.33,-1.5,35,21.6,23,0,12,568,634
2016-08,1,164.4,-163.4,-1.06,-0.31,-0.06,-0.37,-1.22,-1.21,-1.33,-1.5,36.5,22.1,31,0,23,599,711
2016-09,6,161.6,-155.6,-0.38,0.37,-0.03,0.02,-1.57,-1.27,-1.32,-1.44,37,23.9,29,0,17,614,679
2016-10,13,183,-170,-0.46,-0.71,-0.56,-0.38,-0.71,-0.66,-1.25,-1.34,37.7,24,30,0,20,646,736
2016-11,41,165.3,-124.3,-0.56,-0.85,-0.82,-0.83,-0.71,-0.74,-1.14,-1.23,37.4,25.1,28,2,10,638,671
2016-12,38,134.6,-96.6,-1.24,-1.08,-1.36,-1.48,-1.29,-1.09,-0.98,-1,35.1,24.2,20,0,2,610,548
2017-01,143,125.2,17.8,-0.37,-0.41,-1.36,-1.51,-1.5,-1.54,-1.93,-1.73,33.5,23.1,9,4,6,567,544
2017-02,225,98.7,126.3,0.27,0.29,-0.83,-0.71,-1.15,-1.12,-1.54,-1.36,31.8,22.5,2,7,3,480,446
2017-03,156,114.2,41.8,-1.22,-1.21,-1.08,-1.01,-1.69,-1.63,-1.95,-1.73,31.6,22.3,0,5,4,524,540
2017-04,195,117.4,77.6,0.12,0.08,-0.51,-0.51,-1.06,-1.05,-1.25,-1.17,31.9,22.5,0,9,3,516,566
2017-05,48,122.4,-74.4,-0.23,-0.31,-0.58,-0.61,-0.97,-0.91,-1.13,-1.09,32.7,22.8,0,1,7,550,579
2017-06,17,125.5,-108.5,0.31,0,-0.01,-0.08,-0.69,-0.68,-1.12,-1.07,33.5,22.3,4,0,17,538,558
2017-07,0,143.3,-143.3,,-0.5,-0.27,-0.43,-0.54,-0.54,-1.14,-1.07,33.3,21.4,4,0,31,538,611
2017-08,4,158.3,-154.3,-0.08,0.49,0.03,-0.12,-0.59,-0.58,-1.14,-1.04,36.2,22.5,30,0,13,599,691
2017-09,0,186.7,-186.7,,-1.36,-0.91,-0.75,-0.12,-0.26,-1.17,-1.12,36.6,23.2,30,0,30,598,725
2017-10,4,177.7,-173.7,-1.23,-0.89,-1.29,-0.96,-0.69,-0.73,-1.14,-1.07,38,24.5,30,0,18,659,711
2017-11,99,143.9,-44.9,0.75,0.85,0.02,-0.15,-0.01,-0.18,-0.91,-0.82,35.7,23.8,25,4,7,594,606
2017-12,78,135.5,-57.5,-0.37,-0.19,-0.21,0.03,-0.35,-0.23,-0.71,-0.63,34,23.3,10,3,8,578,586
2018-01,122,125.3,-3.3,-0.64,-0.7,-0.59,-0.47,-0.87,-0.83,-0.86,-0.78,32.6,22.1,4,4,3,537,574
2018-02,316,97.2,218.8,1.21,1.33,0.07,0.24,-0.01,0.14,-0.53,-0.5,30.6,22.1,1,15,2,458,455
2018-03,238,121.1,116.9,-0.29,-0.31,-0.01,0.03,-0.21,-0.07,-0.29,-0.26,31.4,22.7,0,7,2,529,577
2018-04,232,109.2,122.8,0.37,0.43,0.45,0.48,0.07,0.12,-0.17,-0.17,31.2,21.8,0,9,5,494,527
2018-05,25,119.3,-94.3,-0.88,-0.79,-0.14,-0.15,-0.18,-0.14,-0.23,-0.21,32.3,21.7,0,1,9,526,565
2018-06,3,123.7,-120.7,-1.03,-0.67,-0.01,0,-0.1,-0.06,-0.28,-0.25,33.3,20.8,0,0,22,512,578
2018-07,0,137.4,-137.4,,-0.07,-1.19,-0.81,0.15,0.18,-0.28,-0.23,34.1,21.3,7,0,31,549,610
2018-08,0,156.6,-156.6,,0.29,-1.39,-0.33,-0.23,-0.2,-0.29,-0.24,35.5,22,30,0,31,582,677
2018-09,21,162,-141,0.67,1.06,0.26,0.52,-0.02,0.08,-0.22,-0.11,37.1,23.2,29,1,18,604,686
2018-10,37,166.2,-129.2,0.47,0.68,0.57,0.78,-0.48,-0.18,-0.1,0,36.7,23.5,27,1,8,624,703
2018-11,89,144.6,-55.6,0.57,0.69,0.66,0.83,0.32,0.48,-0.13,0,35.4,24,20,2,6,591,609
2018-12,245,126.3,118.7,1.51,1.52,1.31,1.35,1.23,1.29,0.37,0.52,31.6,22.2,0,8,6,524,590
2019-01,95,127.8,-32.8,-1.04,-1.14,0.46,0.65,0.51,0.8,0.27,0.39,31.9,22.4,1,2,3,532,597
2019-02,205,110.7,94.3,0.03,-0.11,0.28,0.41,0.46,0.73,-0.04,0.05,31.6,22.1,0,9,1,472,528
2019-03,269,119.6,149.4,0,0.04,-0.74,-0.83,0.24,0.39,0.04,0.21,31.1,22.4,0,12,3,519,578
2019-04,253,106.2,146.8,0.51,0.59,0.2,0.17,0.32,0.36,0.11,0.24,31.8,22.6,0,9,2,516,507
2019-05,100,115.3,-15.3,0.68,0.76,0.36,0.4,0.34,0.4,0.35,0.48,32.4,22.1,0,3,5,534,559
2019-06,5,119.5,-114.5,-0.7,-0.32,0.51,0.59,-0.13,-0.11,0.35,0.5,33.3,20.8,1,0,12,512,540
2019-07,2,132.2,-130.2,-0.46,0.37,0.4,0.44,0.23,0.27,0.36,0.51,33.6,20.8,8,0,23,534,579
2019-08,0,164.1,-164.1,,-0.37,-0.86,-0.18,0.28,0.33,0.36,0.48,35.2,21.3,24,0,31,566,686
2019-09,5,165.8,-160.8,-0.5,0.09,-0.58,0.01,0.42,0.5,0.31,0.41,36.8,22.7,30,0,18,594,711
2019-10,37,174.6,-137.6,0.47,0.48,0.18,0.16,0.3,0.3,0.3,0.35,36.9,23.4,30,0,10,624,739
2019-11,35,154.6,-119.6,-0.76,-0.72,-0.45,-0.34,-0.62,-0.34,0.15,0.2,36.9,23.6,28,0,9,606,659
2019-12,68,150.6,-82.6,-0.55,-0.72,-0.68,-0.7,-0.76,-0.55,-0.37,-0.29,35.4,22.6,20,3,8,589,665
2020-01,187,114.2,72.8,0.11,0.25,-0.67,-0.71,-0.65,-0.57,-0.14,-0.08,31.9,22.3,0,6,3,530,529
2020-02,226,107.8,118.2,0.28,0.19,-0.2,-0.16,-0.44,-0.32,-0.05,-0.01,31.5,22,0,10,3,486,511
2020-03,539,109.6,429.4,1.93,1.79,1.57,1.57,0.99,0.97,0.77,0.81,31.5,22.2,0,18,2,522,522
2020-04,215,106.4,108.6,0.26,0.33,1.19,1.24,0.7,0.72,0.67,0.71,31.6,22.3,1,8,2,508,512
2020-05,48,115.2,-67.2,-0.23,-0.15,0.96,1.03,0.7,0.75,0.49,0.57,32.3,21.6,0,1,7,526,563
2020-06,18,119.3,-101.3,0.37,0.36,0.11,0.19,0.9,0.98,0.53,0.6,32.5,19.7,0,0,18,482,574
2020-07,0,132.1,-132.1,,0.26,-0.25,-0.07,0.95,1,0.53,0.59,33.5,17.9,2,0,31,487,641
2020-08,1,158.6,-157.6,-1.06,0.2,-0.06,0.25,0.92,0.98,0.53,0.6,35.5,18,23,0,21,519,702
2020-09,3,167.2,-164.2,-0.82,-0.1,-0.91,0.04,0,0.14,0.53,0.57,36.8,20.2,30,0,23,555,702
2020-10,16,163.7,-147.7,-0.3,0.18,-0.56,0.03,-0.48,-0.1,0.45,0.5,37.5,22.5,29,0,10,620,697
2020-11,93,127.8,-34.8,0.64,1,0.17,0.61,0.08,0.51,0.62,0.73,33.8,22.5,14,2,5,546,571
2020-12,64,130.2,-66.2,-0.63,-0.36,-0.3,0.29,-0.43,0.24,0.58,0.78,33.9,22.2,15,0,5,560,581
2021-01,77,112.4,-35.4,-1.35,-1.18,-1.23,-0.78,-1.37,-0.69,0.27,0.49,32.4,22.4,2,1,4,539,495
2021-02,394,103.9,290.1,1.88,1.96,0.21,0.47,0.17,0.67,0.76,0.91,31.6,22.1,2,13,2,472,488
2021-03,213,116.8,96.2,-0.55,-0.54,0.04,0.15,-0.21,0.17,-0.22,0.13,31.3,21.9,0,6,3,514,576
2021-04,133,117.4,15.6,-0.4,-0.48,0.25,0.23,-0.34,-0.21,-0.51,-0.23,32,22,0,3,4,510,577
2021-05,75,115.2,-40.2,0.3,0.38,-0.47,-0.49,-0.38,-0.29,-0.39,-0.11,32,21.7,0,3,13,522,568
2021-06,25,114.3,-89.3,0.72,0.88,-0.18,-0.13,-0.17,-0.08,-0.37,-0.08,32.5,21.4,0,0,6,508,569
2021-07,26,128.6,-102.6,1.34,1.47,0.64,0.75,0.34,0.41,-0.28,0.01,33.4,20.8,2,1,16,530,605
2021-08,8,163.5,-155.5,0.59,0.38,1.19,1.15,-0.31,-0.23,-0.26,0.02,35.6,20.9,24,0,13,566,688
2021-09,12,160.8,-148.8,0.15,0.71,1.06,1.13,-0.03,0.11,-0.23,0.05,37.1,23,29,0,8,602,682
2021-10,115,153.8,-38.8,1.93,1.85,1.8,1.75,1.26,1.31,0.1,0.32,36.4,23.5,26,4,8,618,664
2021-11,218,128.1,90,2.33,2.1,2.57,2.31,2.42,2.18,0.47,0.67,33.7,23,14,8,3,550,586
2021-12,206,121.1,84.9,1.17,1.33,2.28,1.94,2.26,1.93,0.82,1,32.7,23.3,9,8,3,558,555
2022-01,228,108.3,119.7,0.5,0.69,1.84,1.82,2.19,1.97,1.21,1.3,31.5,21.8,0,9,2,516,511
2022-02,180,111.3,68.7,-0.29,-0.43,0.77,1,1.96,1.83,0.68,0.86,32.3,22.2,0,6,4,483,536
2022-03,369,108.4,260.6,0.82,0.95,0.61,0.76,1.98,1.86,1.16,1.27,31.4,21.9,0,12,0,515,532
2022-04,187,111.3,75.7,0.06,0.07,0.23,0.24,1.07,1.23,1.32,1.45,31.6,22.1,0,3,2,506,552
2022-05,108,107.4,0.6,0.79,0.96,0.51,0.61,0.68,0.84,1.35,1.49,31.6,21.8,0,4,4,518,530
2022-06,38,107.8,-69.8,1.23,1.52,0.39,0.54,0.51,0.67,1.4,1.52,31.7,20.5,0,0,17,484,541
2022-07,4,126.5,-122.5,-0.1,0.76,0.92,1.14,0.42,0.56,1.34,1.47,33,19.9,0,0,22,510,583
2022-08,1,162.7,-161.7,-1.06,-0.16,0.79,1.03,0.56,0.7,1.32,1.46,34.9,18.5,22,0,30,518,697
2022-09,10,161.1,-151.1,0,0.6,-0.03,0.51,0.34,0.54,1.33,1.46,36.8,20.5,28,0,13,558,707
2022-10,69,173.2,-104.2,1.19,1.15,0.99,0.93,1.02,1.11,1.15,1.28,37.1,22.2,29,2,13,608,714
2022-11,180,125.6,54.4,1.9,1.88,1.86,1.81,1.72,1.71,1.06,1.2,32.4,22,4,6,4,516,580
2022-12,249,132.4,116.6,1.54,1.51,2.06,1.77,1.91,1.7,1.11,1.22,32.5,21.9,1,9,5,534,621
2023-01,200,106.8,93.2,0.24,0.45,1.71,1.73,1.8,1.71,1.06,1.19,31.5,21.2,0,6,5,506,498
2023-02,204,93.3,110.7,0.02,0.1,1.02,1.24,1.72,1.69,1.15,1.29,32.2,21.2,0,9,2,468,428
2023-03,262,107.5,154.5,-0.06,0.09,-0.08,0.2,1.32,1.45,0.93,1.14,31.7,21.6,0,10,2,518,506
2023-04,193,112.5,80.5,0.1,0.11,-0.11,-0.03,0.76,0.98,0.96,1.19,32.2,21.7,0,6,3,509,550
2023-05,89,114.4,-25.4,0.52,0.61,0.06,0.12,0.43,0.61,0.87,1.11,32.5,21.6,0,1,8,528,561
2023-06,12,116.9,-104.9,-0.01,0.18,0.18,0.25,-0.01,0.18,0.8,1.03,32.7,20.2,0,0,11,493,537
2023-07,0,138.3,-138.3,,-0.14,0.32,0.34,-0.05,0.07,0.79,0.99,33.8,19.1,7,0,31,511,617
2023-08,0,155.3,-155.3,,0.4,-0.45,0.07,0,0.11,0.79,0.99,35.2,19.8,23,0,31,543,667
2023-09,1,175.8,-174.8,-1.39,-0.71,-1.6,-0.34,0.06,0.12,0.77,0.93,37.8,22.7,30,0,26,608,688
2023-10,4,175.8,-171.8,-1.23,-0.79,-1.61,-0.67,-0.2,-0.1,0.56,0.71,38.8,24,31,0,14,664,720
2023-11,22,153.8,-131.8,-1.3,-1.06,-1.84,-1.28,-1.63,-0.85,0.11,0.25,37.3,23.6,28,0,13,614,640
2023-12,98,141.4,-43.4,-0.05,0.05,-0.88,-0.8,-1.04,-0.76,-0.33,-0.12,35.8,23.7,23,2,5,613,600
2024-01,240,131.1,108.9,0.6,0.6,-0.07,-0.1,-0.37,-0.36,-0.26,-0.17,33.5,23.4,11,8,5,572,594
2024-02,251,113.7,137.3,0.56,0.43,0.6,0.57,-0.03,-0.06,-0.1,-0.09,32.4,23,5,7,3,514,522
2024-03,259,119.9,139.1,-0.09,-0.07,0.45,0.37,-0.12,-0.17,-0.13,-0.09,32.6,23.1,0,10,1,554,563
2024-04,434,111.2,322.8,1.44,1.46,1.06,1.04,0.81,0.74,0.64,0.59,32.4,23.2,0,15,1,534,533
2024-05,19,123.3,-104.3,-1.13,-1.06,0.67,0.68,0.75,0.7,0.41,0.38,33,22.5,0,0,13,550,589
2024-06,6,122.1,-116.1,-0.57,-0.41,0.95,0.96,0.83,0.77,0.4,0.34,33.2,21.3,4,0,11,518,550
2024-07,5,147.7,-142.7,0.03,-0.46,-1.12,-0.97,0.72,0.63,0.41,0.32,34,20.2,7,0,20,530,634
2024-08,0,172.5,-172.5,,-1.06,-0.52,-0.74,0.61,0.52,0.41,0.27,36.2,20.9,28,0,31,576,697
2024-09,2,186.8,-184.8,-1.04,-1.27,-0.58,-1.15,0.88,0.68,0.42,0.22,37.5,22.4,30,0,27,599,724
2024-10,18,179.2,-161.2,-0.2,-0.31,-0.56,-1.05,-1.13,-1.09,0.45,0.22,38.3,23.7,30,0,15,650,718
2024-11,42,163.9,-121.9,-0.53,-0.78,-0.77,-1.11,-0.82,-1.08,0.51,0.27,37.7,23.7,27,1,12,620,674
2024-12,76,146.7,-70.7,-0.4,-0.46,-0.73,-0.9,-0.81,-1.19,0.43,0.26,36.4,22.9,26,2,8,608,629
2025-01,313,114.6,198.4,1.18,1.25,0.47,0.48,0.26,0.07,0.62,0.42,32.6,22.5,5,11,3,544,517
2025-02,144,117.3,26.7,-0.81,-0.93,0.2,0.21,-0.18,-0.35,0.34,0.13,33.2,22.3,2,5,4,497,546
2025-03,164,117.7,46.3,-1.12,-1.15,-0.38,-0.4,-0.78,-0.89,0.05,-0.09,32,22.4,0,4,3,533,562
2025-04,49,120.3,-71.3,-1.5,-1.42,-1.81,-1.63,-1.11,-1.17,-1.38,-1.44,33.3,21.9,3,1,5,528,573
2025-05,32,128.7,-96.7,-0.65,-0.85,-1.47,-1.41,-1.08,-1.13,-1.26,-1.4,34.1,21.5,12,1,10,552,577
2025-06,12,122.6,-110.6,-0.01,-0.11,-1.37,-1.31,-0.99,-1.02,-1.25,-1.38,34.3,21.5,14,0,16,537,520
2025-07,2,153.1,-151.1,-0.46,-1.14,-0.67,-0.9,-1.76,-1.61,-1.26,-1.39,35.2,21.3,21,0,30,566,634
2025-08,14,169.2,-155.2,1.25,0.41,0.32,-0.39,-1.4,-1.34,-1.21,-1.32,36,22,28,0,17,590,668
2025-09,0,189.5,-189.5,,-1.51,0.03,-1.05,-1.36,-1.37,-1.22,-1.31,37.2,23.9,30,0,30,616,682
2025-10,23,193.3,-170.3,0.01,-0.72,0.04,-0.97,-0.53,-1.02,-1.14,-1.25,37.9,24.3,29,1,9,654,711
2025-11,38,161.5,-123.5,-0.66,-0.82,-0.79,-1.35,-0.53,-1.09,-1.15,-1.24,37.6,24.7,28,1,17,634,642
2025-12,98,125.2,-27.1,-0.05,0.3,-0.45,-0.46,-0.45,-0.78,-0.98,-1.07,34.6,23.3,17,2,6,588,519
