data,rain_mm,etp_mm,bal_mm,spi1,spei1,spi3,spei3,spi6,spei6,spi12,spei12,tmax_med,tmin_med,dias_tmax34,dias_chuva10,veranico_max,soma_termica,srad_mj
1980-01,169,129.4,39.6,0.63,0.66,,,,,,,31,20.6,0,6,7,489,586
1980-02,199,95,104,0.93,1.12,,,,,,,28.8,20.5,0,9,2,424,461
1980-03,33,132.6,-99.6,-2.81,-2.09,-0.26,-0.06,,,,,30,19.3,0,1,6,454,636
1980-04,35,137.3,-102.3,-1.11,-1.21,-1.01,-0.92,,,,,32.5,19.5,1,1,7,480,617
1980-05,9,157.8,-148.8,-0.71,-1.29,-2.45,-1.71,,,,,32.9,19,2,0,17,495,631
1980-06,0,147.7,-147.7,,-0.89,-1.28,-1.33,-0.79,-0.85,,,32.5,19,3,0,30,472,575
1980-07,0,165.2,-165.2,,-0.62,-0.97,-1.21,-1.09,-1.07,,,32.5,18,2,0,31,472,642
1980-08,0,184.4,-184.4,,0.02,,-0.54,-2.49,-1.64,,,33.3,19,4,0,31,500,708
1980-09,32,185.6,-153.6,1.71,1.88,1.9,0.72,-0.74,-0.86,,,34.5,21.6,14,1,16,541,685
1980-10,0,201,-201,,-0.34,0.7,0.49,-0.12,-0.48,,,34.8,22.6,18,0,31,580,729
1980-11,99,154.1,-55.1,1.63,1.57,1.47,1.37,1.37,0.76,,,32.8,22,5,3,10,522,608
1980-12,50,146.9,-96.9,-0.45,-0.09,0.37,0.58,0.69,0.69,-0.44,-0.32,32.6,21,8,0,8,522,596
1981-01,147,140.8,6.2,0.37,0.27,0.61,0.77,0.7,0.77,-0.54,-0.52,31.1,20.7,0,4,2,492,581
1981-02,15,150.4,-135.4,-2.61,-1.94,-1.3,-1.41,-0.46,-0.28,-1.67,-1.27,32.4,20.9,3,0,12,465,614
1981-03,370,119.6,250.4,2.09,1.93,0.8,0.56,0.81,0.76,0.26,-0.05,30.2,21.1,5,13,3,485,524
1981-04,46,126.5,-80.5,-0.82,-0.85,0.23,-0.08,0.42,0.3,0.32,0.03,29.5,19.6,0,1,18,437,630
1981-05,0,136.5,-136.5,,-0.89,0.85,0.64,-0.08,-0.32,0.27,0.08,30.3,19.1,0,0,31,455,585
1981-06,0,150.3,-150.3,,-1.08,-1.23,-1.04,0.07,-0.31,0.27,0.06,31.5,18.8,0,0,30,454,603
1981-07,0,174.2,-174.2,,-1.31,,-1.2,0.01,-0.43,0.27,0.03,31.1,18.6,0,0,31,461,651
1981-08,0,194.1,-194.1,,-0.69,,-1.09,0.8,0.31,0.27,-0.01,32.5,19.6,4,0,31,496,704
1981-09,0,198.5,-198.5,,-0.27,,-0.83,-1.35,-1.1,0.1,-0.2,33.8,21.2,9,0,30,524,735
1981-10,5,197.7,-192.7,-0.57,-0.05,-0.72,-0.46,-1.92,-0.94,0.13,-0.2,34.9,22.3,20,0,20,576,726
1981-11,31,178.3,-147.3,-0.16,-0.17,-0.42,-0.3,-0.62,-0.7,-0.23,-0.5,33.8,22.8,10,1,9,550,655
1981-12,58,180.7,-122.7,-0.24,-0.64,-0.51,-0.56,-0.59,-0.75,-0.18,-0.57,33.7,22.4,17,3,14,560,659
1982-01,103,131.2,-28.2,-0.24,-0.19,-0.64,-0.72,-0.78,-0.78,-0.41,-0.74,30.8,21.1,0,2,4,494,598
1982-02,91,116.1,-25.1,-0.44,-0.47,-0.82,-0.86,-1.02,-0.88,0,-0.36,31.4,21.2,3,2,6,456,491
1982-03,150,122.5,27.5,-0.19,-0.19,-0.79,-0.67,-1.03,-0.92,-1.47,-1.22,30.4,20.8,0,7,9,483,592
1982-04,52,124.8,-72.8,-0.68,-0.72,-0.78,-0.75,-1.11,-1.05,-1.42,-1.26,31.3,20.4,0,1,5,476,573
1982-05,4,153.3,-149.3,-1.2,-1.31,-0.73,-0.84,-1.16,-1.13,-1.31,-1.27,32.4,18.8,2,0,26,484,601
1982-06,1,157.1,-156.1,-0.87,-1.5,-0.99,-1.14,-1.12,-1.08,-1.32,-1.27,32.5,19.1,0,0,21,474,572
1982-07,0,168.9,-168.9,,-0.9,-1.36,-1.44,-0.92,-1,-1.31,-1.23,32.3,18.8,1,0,31,481,614
1982-08,0,193.3,-193.3,,-0.63,-1.1,-1.09,-0.77,-0.95,-1.31,-1.21,32.8,19.6,3,0,31,502,674
1982-09,2,206.9,-204.9,-0.45,-0.7,-0.6,-0.84,-1.06,-1.18,-1.29,-1.21,34.4,22.1,12,0,21,548,683
1982-10,30,193.8,-163.8,0.8,0.83,0.7,0.01,-0.24,-0.84,-1.1,-1.08,35,22.5,23,0,13,581,711
1982-11,4,185,-181,-2.14,-1.12,-0.42,-0.47,-0.59,-0.81,-1.26,-1.16,35.3,22.6,22,0,25,569,704
1982-12,39,182.4,-143.4,-0.77,-1.13,-0.94,-0.84,-0.98,-0.98,-1.37,-1.24,34.6,22.8,19,1,14,580,680
1983-01,67,161.9,-94.9,-0.88,-1.17,-2.02,-1.88,-1.62,-1.42,-1.55,-1.38,33.7,21.9,16,2,8,552,619
1983-02,115,127,-12,-0.07,-0.29,-1.18,-1.68,-1.38,-1.51,-1.37,-1.35,31.4,21,3,3,7,454,541
1983-03,87,151.5,-64.5,-1.27,-1.56,-1.6,-1.91,-1.95,-2.05,-2.13,-1.86,32.9,21.8,9,4,5,538,633
1983-04,10,162.5,-152.5,-2.22,-2.05,-1.54,-1.66,-2.46,-2.2,-2.49,-2.18,33.6,20.6,12,0,13,513,655
1983-05,1,170.1,-169.1,-1.88,-1.99,-2.07,-1.89,-2.27,-2.09,-2.38,-2.17,34.8,21.3,21,0,21,559,634
1983-06,13,162.5,-149.5,0.91,-1.02,-1.89,-1.96,-2.03,-2.05,-2.3,-2.13,33.4,19.5,5,1,26,494,610
1983-07,0,168.9,-168.9,,-0.9,-0.63,-1.67,-1.54,-1.73,-2.29,-2.1,33.5,18.9,7,0,31,502,636
1983-08,0,189.3,-189.3,,-0.34,0.84,-0.81,-1.91,-1.85,-2.29,-2.06,33.7,20.5,6,0,31,530,692
1983-09,2,202.5,-200.5,-0.45,-0.4,-0.6,-0.62,-1.96,-1.79,-2.28,-2.01,35.5,22,24,0,29,563,715
1983-10,0,217.4,-217.4,,-0.93,-1.2,-0.87,-1.05,-1.4,-2.49,-2.01,35.4,23.4,27,0,31,602,742
1983-11,31,188.8,-157.8,-0.16,-0.46,-0.52,-0.84,-0.31,-0.95,-2.23,-1.96,35.5,23.5,24,1,23,585,682
1983-12,45,170.5,-125.5,-0.58,-0.7,-0.88,-0.98,-0.91,-1.01,-2.15,-2.02,34.4,22.8,19,1,9,576,637
1984-01,147,134.3,12.7,0.37,0.35,-0.23,-0.43,-0.42,-0.74,-1.47,-1.55,31.1,20.9,2,5,3,496,580
1984-02,129,131.1,-2.1,0.13,-0.15,-0.1,-0.23,-0.35,-0.7,-1.36,-1.54,31.3,20.9,1,4,3,468,584
1984-03,161,109.2,51.8,-0.03,0.15,0.05,0.09,-0.4,-0.57,-1.08,-1.39,29.3,20.5,0,6,1,463,541
1984-04,265,98.2,166.8,1.78,1.81,0.97,1.01,0.69,0.6,0.46,-0.14,28.5,20.4,0,10,2,433,496
1984-05,15,124.9,-109.9,-0.34,-0.08,1,1.08,0.64,0.6,0.52,0.12,30.2,18.4,0,0,16,442,590
1984-06,1,140.2,-139.2,-0.87,-0.31,1.42,1.31,0.85,0.82,0.46,0.16,31.5,16,0,0,25,413,593
1984-07,0,153.2,-153.2,,0.23,-0.53,-0.16,0.79,0.73,0.46,0.22,31.4,16.8,0,0,31,437,600
1984-08,0,171.3,-171.3,,0.88,-1.1,0.26,0.95,0.96,0.46,0.29,33.3,18.6,8,0,31,495,665
1984-09,2,198.6,-196.6,-0.45,-0.14,-0.6,0.32,1.39,1.17,0.46,0.3,34.6,20.2,17,0,18,522,692
1984-10,12,201.4,-189.4,0.01,0.06,-0.03,0.11,-0.46,-0.05,0.51,0.36,35.1,22.4,23,0,11,580,713
1984-11,36,189.3,-153.3,0.03,-0.33,-0.01,-0.32,-0.17,-0.16,0.54,0.4,34.7,22.4,20,1,9,556,688
1984-12,70,174.2,-104.2,0.03,-0.23,-0.09,-0.39,-0.15,-0.22,0.65,0.52,34.5,22,16,3,15,566,681
1985-01,186,113.7,72.3,0.81,0.99,0.57,0.42,0.49,0.31,0.8,0.64,29.9,20.8,0,7,2,475,526
1985-02,249,101.1,147.9,1.39,1.52,1.41,1.44,1.29,1.14,1.3,1.21,29,20,0,10,1,406,505
1985-03,243,113.1,129.9,0.94,1.04,1.79,1.85,1.53,1.4,1.84,1.53,29.5,20.4,0,10,2,464,562
1985-04,235,95.7,139.3,1.55,1.64,1.83,1.92,1.86,1.84,1.69,1.53,28.6,20.5,0,8,1,436,481
1985-05,63,107.2,-44.2,1.04,1.31,1.54,1.66,1.92,2.01,1.81,1.69,28.8,18.8,0,2,7,428,537
1985-06,29,102.4,-73.4,1.85,2.13,1.72,1.85,2.17,2.26,1.94,1.85,28.7,17.7,0,0,9,396,495
1985-07,5,124.1,-119.1,1,1.74,1.48,1.85,1.93,2.05,1.96,1.91,29.1,16.2,0,0,15,392,558
1985-08,0,160.9,-160.9,,1.43,2.1,1.92,1.66,1.83,1.95,1.92,31.7,17,0,0,31,445,656
1985-09,0,180,-180,,0.83,-0.01,1.5,1.72,1.89,1.94,1.96,33.9,19.3,9,0,30,498,710
1985-10,4,183.3,-179.3,-0.7,0.39,-0.84,0.86,1.05,1.68,1.88,2.01,34.7,22,17,0,16,568,697
1985-11,32,171.2,-139.2,-0.12,0.04,-0.42,0.27,0.3,1.23,1.85,1.95,34,22,13,1,11,539,631
1985-12,167,108.6,58.4,1.54,1.77,1.04,1.34,1,1.53,2.2,2.2,29.2,20.5,0,3,2,460,486
1986-01,37,135,-98,-1.65,-1.21,-0.06,0.48,-0.24,0.66,1.56,2,30.1,19.9,0,0,10,464,632
1986-02,188,101.4,86.6,0.81,0.95,0.54,1.07,0.31,0.98,1.33,1.86,29,19.8,0,8,2,402,511
1986-03,372,102.5,269.5,2.11,2.03,1.26,1.42,1.55,1.76,2.06,2.2,28.4,19.6,0,12,1,434,527
1986-04,115,97.4,17.6,0.35,0.56,1.58,1.75,1.36,1.71,1.52,2.02,29.2,19.9,0,3,2,437,497
1986-05,15,117.1,-102.1,-0.34,0.14,1.34,1.47,1.27,1.62,1.25,1.81,30.3,20,0,1,18,470,571
1986-06,2,105.9,-103.9,-0.5,1.37,0.12,0.58,0.91,1.21,1.14,1.7,28.9,18.5,0,0,17,412,533
1986-07,6,137.8,-131.8,1.38,1.31,-0.21,0.83,1.39,1.6,1.14,1.63,31.4,17.5,0,0,15,447,614
1986-08,0,160,-160,,1.48,0.35,1.44,1.33,1.55,1.14,1.62,32.8,18.9,0,0,31,490,650
1986-09,0,174,-174,,1.12,0.13,1.41,0.11,0.89,1.14,1.63,33.1,21.1,4,0,30,514,663
1986-10,14,155.7,-141.7,0.12,1.35,-0.03,1.67,-0.24,1.28,1.16,1.74,33,21.2,4,0,20,530,641
1986-11,56,161.7,-105.7,0.66,0.79,0.45,1.24,0.47,1.49,1.26,1.76,33.3,21.8,6,1,24,527,636
1986-12,71,151.3,-80.3,0.05,0.23,0.26,0.81,0.25,1.11,0.83,1.34,32.9,21,7,2,12,526,598
1987-01,69,148.9,-80,-0.84,-0.94,-0.58,-0.38,-0.61,0.32,0.93,1.42,32,20.6,0,3,9,506,655
1987-02,157,138.9,18.1,0.47,0.12,-0.33,-0.5,-0.23,0.25,0.81,1.22,32,20.4,4,6,6,453,611
1987-03,214,103.4,110.6,0.62,0.84,0.08,-0.02,0.12,0.49,0.05,0.76,29.2,20.5,0,8,2,460,505
1987-04,52,117.3,-65.3,-0.68,-0.6,0.18,0.1,-0.21,-0.19,-0.32,0.45,30,20.3,0,1,10,454,579
1987-05,40,130.2,-90.2,0.53,0.44,0.11,0.14,-0.22,-0.3,-0.15,0.48,31.5,19.4,0,1,26,480,625
1987-06,2,122.8,-120.8,-0.5,0.72,-0.36,-0.19,-0.2,-0.22,-0.16,0.4,31.1,20.1,0,0,21,468,523
1987-07,0,142.9,-142.9,,0.81,0.4,0.61,0.21,0.24,-0.19,0.35,32.3,20.1,1,0,31,502,620
1987-08,0,171.2,-171.2,,0.89,-0.7,0.84,0.08,0.34,-0.19,0.3,33.9,19.8,10,0,31,522,681
1987-09,2,180,-178,-0.45,0.93,-0.6,0.94,-0.43,0.15,-0.17,0.28,34,21.2,10,0,18,528,699
1987-10,9,190.2,-181.2,-0.2,0.33,-0.21,0.66,0.18,0.69,-0.2,0.08,34.7,22,17,0,18,569,721
1987-11,0,183.4,-183.4,,-1.19,-1.6,-0.36,-1.73,0.09,-0.5,-0.18,34.7,21.9,20,0,30,548,705
1987-12,46,173.8,-127.8,-0.56,-0.76,-1.39,-0.89,-1.41,-0.36,-0.64,-0.32,33.7,21.9,10,1,4,552,681
1988-01,132,138.1,-6.1,0.18,0.11,-0.84,-0.91,-0.89,-0.52,-0.27,-0.14,31.2,21.7,0,3,3,510,611
1988-02,179,128.4,50.6,0.72,0.54,0.24,0.08,-0.22,-0.21,-0.14,-0.01,30.4,21.4,0,7,3,461,615
1988-03,258,110.3,147.7,1.09,1.2,1.07,1.04,0.42,0.36,0.06,0.22,29.5,20.6,0,9,2,466,549
1988-04,155,103.1,51.9,0.82,0.94,1.17,1.18,0.65,0.53,0.61,0.72,29.3,20.6,0,6,2,448,531
1988-05,7,116,-109,-0.87,-0.05,0.87,0.98,0.71,0.66,0.43,0.62,30.1,19.3,0,0,15,456,597
1988-06,0,113.7,-113.7,,1.02,0.44,0.71,0.92,1.01,0.42,0.64,30,19.1,0,0,30,438,547
1988-07,1,130,-129,-1.55,1.42,-1.05,0.64,0.93,1.09,0.42,0.68,30.1,18.4,0,0,20,442,616
1988-08,0,158.1,-158.1,,1.57,-1.1,1.37,0.83,1.15,0.42,0.72,31.8,18.3,0,0,31,466,715
1988-09,7,171.4,-164.4,0.29,1.51,0.37,1.62,0.45,1.07,0.45,0.76,33.8,20.1,9,0,28,508,727
1988-10,37,179.9,-142.9,1.02,1.32,1.04,1.83,0.15,1.25,0.58,0.85,33.5,21.9,7,2,13,549,711
1988-11,43,164.9,-121.9,0.27,0.45,0.78,1.16,0.66,1.39,0.78,1.05,33.7,22.1,9,1,10,537,670
1988-12,126,131.2,-5.2,1,1.24,1.07,1.26,1.06,1.52,1.14,1.41,30.4,20.8,0,5,2,484,609
1989-01,55,126.2,-71.2,-1.15,-0.81,-0.21,0.3,0.08,0.93,0.76,1.22,30.3,19.9,0,1,3,467,612
1989-02,64,126,-62,-0.95,-0.98,-0.9,-0.47,-0.56,0.22,0.24,0.85,30.3,20.7,0,1,6,434,564
1989-03,282,120.9,161.1,1.33,1.31,-0.26,-0.2,0.3,0.7,0.37,1.01,30.1,20.2,0,10,1,470,583
1989-04,215,97.3,117.7,1.38,1.5,1,1.01,0.73,0.96,0.68,1.3,29.2,20.2,0,10,1,441,499
1989-05,84,104.3,-20.3,1.41,1.63,1.74,1.81,0.95,1.17,1.02,1.54,29.3,19.8,0,1,8,451,536
1989-06,8,113.5,-105.5,0.46,1.32,1.6,1.71,0.8,1,1.07,1.55,30.6,19.6,0,0,9,454,559
1989-07,0,117,-117,,1.8,1.4,1.8,1.19,1.38,1.06,1.56,29.8,19,0,0,31,447,572
1989-08,0,161.9,-161.9,,1.39,0.35,1.58,1.73,1.84,1.06,1.53,32.8,18.2,2,0,31,481,685
1989-09,0,176.6,-176.6,,0.99,,1.56,1.56,1.8,1.03,1.48,33.9,20.8,11,0,30,520,700
1989-10,1,184.7,-183.7,-1.37,0.25,-1.51,0.82,0.93,1.62,0.84,1.34,34.2,21.9,12,0,18,559,722
1989-11,33,156.1,-123.1,-0.08,0.42,-0.48,0.48,-0.43,1.1,0.8,1.29,32.4,21.1,2,1,12,504,610
1989-12,281,106.8,174.2,2.71,2.37,2.13,2.07,2.02,2.12,1.46,1.74,29,21.2,0,8,2,468,471
1990-01,36,151.9,-115.9,-1.69,-1.48,1.15,1.39,0.92,1.47,1.32,1.71,30.6,20.1,0,1,12,477,690
1990-02,70,105.5,-35.5,-0.82,-0.62,0.5,0.91,0.25,0.93,1.36,1.84,30.2,19.7,0,2,7,418,498
1990-03,72,125.9,-53.9,-1.6,-1.4,-2.82,-2.17,-0.56,0.12,0.5,1.22,30.5,20.7,0,4,8,484,608
1990-04,67,119.5,-52.5,-0.38,-0.4,-1.57,-1.18,-0.59,-0.22,-0.34,0.64,30.6,21.1,0,3,10,476,577
1990-05,19,122.8,-103.8,-0.16,0.09,-1.24,-0.93,-0.58,-0.3,-0.7,0.27,31.1,20.2,0,1,30,484,606
1990-06,0,126.5,-126.5,,0.44,-0.48,-0.25,-2.32,-1.45,-0.76,0.17,32.4,19.6,0,0,30,480,594
1990-07,4,124,-120,0.56,1.72,-0.21,0.66,-1.48,-0.75,-0.73,0.16,31.4,20,0,0,25,486,594
1990-08,1,162.5,-161.5,-0.87,1.4,-0.06,1.27,-1.23,-0.43,-0.73,0.16,33.2,19.5,4,0,28,506,695
1990-09,17,168.1,-151.1,1.02,1.95,1.4,1.88,-0.26,0.51,-0.62,0.26,34.1,20.5,15,1,25,518,686
1990-10,22,177.9,-155.9,0.5,1.03,0.93,1.78,0.39,1.24,-0.48,0.32,34.3,21.3,17,1,11,552,718
1990-11,22,162.8,-140.8,-0.57,0,0.26,0.94,0.21,1.2,-0.53,0.27,33.7,22.4,13,0,17,542,648
1990-12,71,160.2,-89.2,0.05,0.07,-0.14,0.26,0.11,0.95,-1.91,-0.68,32.9,21.8,6,3,6,538,692
1991-01,188,120.7,67.3,0.83,0.95,0.45,0.63,0.63,1.16,-0.83,-0.09,30.3,21.6,0,6,3,494,560
1991-02,93,120.8,-27.8,-0.41,-0.51,0.19,0.37,0.18,0.7,-0.68,-0.05,30.5,21.3,0,2,3,444,595
1991-03,146,113.3,32.7,-0.25,-0.12,-0.03,0.17,-0.18,0.27,-0.36,0.39,30,21.1,0,6,4,482,559
1991-04,116,123.2,-7.2,0.37,0.25,-0.29,-0.32,-0.11,0.01,-0.07,0.59,30.3,21.2,0,5,5,472,618
1991-05,16,120.1,-104.1,-0.3,0.08,-0.1,-0.09,-0.07,0,-0.07,0.56,31.4,21.7,0,0,21,514,580
1991-06,0,122.2,-122.2,,0.66,0.12,0.2,-0.04,0.12,-0.07,0.57,31.3,20.9,0,0,30,483,576
1991-07,0,138.8,-138.8,,1.02,-0.53,0.44,-0.38,-0.14,-0.09,0.49,31.7,19.8,0,0,31,488,603
1991-08,0,152.2,-152.2,,1.82,,1.19,-0.15,0.27,-0.1,0.52,31.5,19.9,0,0,31,486,627
1991-09,0,173.5,-173.5,,1.14,,1.43,0.04,0.62,-0.19,0.42,33.9,21.6,8,0,30,532,650
1991-10,0,201.3,-201.3,,-0.35,,0.73,-1.05,0.61,-0.31,0.19,34.8,22.4,20,0,31,576,727
1991-11,39,162.8,-123.8,0.14,0.41,-0.32,0.27,-0.52,0.72,-0.2,0.29,32.9,21.9,7,2,9,523,601
1991-12,23,172.1,-149.1,-1.38,-1.27,-1.21,-0.69,-1.28,0.03,-0.46,0.11,33.3,22.3,8,0,19,552,649
1992-01,213,129.2,83.8,1.08,1.1,0.39,0.39,0.16,0.52,-0.31,0.06,31.5,21.7,5,5,18,514,535
1992-02,81,114.6,-33.6,-0.61,-0.59,-0.14,-0.07,-0.33,0.01,-0.36,0.05,29.3,20.8,0,4,4,436,537
1992-03,60,142.3,-82.3,-1.91,-1.83,-0.69,-0.73,-1.23,-1.04,-1.01,-0.35,31.8,21.5,0,1,6,516,663
1992-04,75,129.3,-54.3,-0.23,-0.43,-1.5,-1.35,-1.06,-1.01,-1.3,-0.59,31.6,21,1,3,13,490,610
1992-05,0,147.5,-147.5,,-1.25,-1.53,-1.36,-1.2,-1.19,-1.33,-0.75,33.3,21.3,1,0,31,536,640
1992-06,0,139.6,-139.6,,-0.34,-0.66,-0.8,-0.91,-0.94,-1.35,-0.81,32.3,21,0,0,30,500,586
1992-07,0,148.9,-148.9,,0.49,,-0.75,-1.64,-1.27,-1.34,-0.83,31.8,20.4,0,0,31,498,626
1992-08,0,170.7,-170.7,,0.91,,0.36,-1.57,-1.11,-1.34,-0.9,32.6,19.9,0,0,31,504,699
1992-09,3,169.3,-166.3,-0.24,1.44,-0.36,1.06,-0.71,-0.29,-1.31,-0.85,34.1,21,9,0,21,528,676
1992-10,0,204,-204,,-0.44,-1,0.44,-2.24,-0.23,-1.29,-0.85,35,22.7,23,0,31,584,765
1992-11,3,168.2,-165.2,-2.34,-0.66,-2.09,-0.26,-2.4,-0.08,-1.52,-0.95,34.2,21.8,21,0,27,540,662
1992-12,30,156,-126,-1.08,-0.71,-2.11,-0.92,-2.06,-0.33,-1.44,-0.86,33,21.6,7,1,16,537,636
1993-01,69,163.4,-94.4,-0.84,-1.16,-2.19,-1.57,-2.32,-1.08,-2.46,-1.39,33.1,21.9,3,3,10,542,638
1993-02,89,112,-23,-0.47,-0.44,-1.61,-1.61,-2.2,-1.36,-2.38,-1.38,32.2,21,4,3,8,464,439
1993-03,158,152.5,5.5,-0.07,-0.51,-1.08,-1.42,-1.88,-1.71,-1.91,-1.27,32.9,21,0,6,8,526,670
1993-04,6,126.8,-120.8,-2.59,-1.51,-1.13,-1.16,-2.15,-1.73,-2.5,-1.58,32,21.5,0,0,23,503,590
1993-05,0,143.2,-143.2,,-1.1,-1.17,-1.22,-1.97,-1.64,-2.37,-1.52,33.1,21.6,6,0,31,537,604
1993-06,0,133.9,-133.9,,0.02,-3.02,-1.32,-1.77,-1.54,-2.39,-1.48,31.8,20,0,0,30,478,585
1993-07,0,159.7,-159.7,,-0.21,,-0.77,-1.29,-1.14,-2.38,-1.49,32.3,21.2,1,0,31,519,643
1993-08,0,172.5,-172.5,,0.81,,0.21,-1.22,-1.02,-2.38,-1.48,34.2,20.9,14,0,31,544,703
1993-09,0,188.5,-188.5,,0.36,,0.33,-3.2,-0.98,-2.39,-1.52,34.8,23,19,0,30,566,717
1993-10,0,196.1,-196.1,,-0.16,,0.11,,-0.41,-2.35,-1.42,34.5,22.9,18,0,31,579,746
1993-11,45,185.7,-140.7,0.34,0,-0.14,-0.11,-0.34,-0.05,-1.97,-1.33,34.6,23.5,17,2,9,571,648
1993-12,14,162.8,-148.8,-1.88,-1.27,-1.28,-0.81,-1.36,-0.55,-2.07,-1.43,33.4,22.8,7,0,13,561,603
1994-01,191,124.4,66.6,0.86,0.94,0.1,0.06,-0.12,0.01,-1.13,-0.88,30.7,21.5,1,7,4,499,549
1994-02,164,107.7,56.4,0.55,0.61,0.34,0.56,0.19,0.34,-0.67,-0.63,29.6,21.1,0,8,2,431,506
1994-03,202,120.5,81.5,0.49,0.52,0.98,1.12,0.37,0.47,-0.53,-0.33,29.9,21.1,0,8,2,480,579
1994-04,139,115.4,23.6,0.64,0.63,0.68,0.7,0.57,0.56,0.25,0.28,30,20.8,0,4,6,463,543
1994-05,2,134,-132,-1.56,-0.74,0.38,0.26,0.38,0.37,0.26,0.31,31.7,20.7,0,0,22,502,576
1994-06,19,116.2,-97.2,1.31,1.58,0.42,0.44,0.84,0.9,0.36,0.46,31.1,20.1,0,0,6,467,539
1994-07,0,142.2,-142.2,,0.85,-0.29,0.35,0.55,0.62,0.35,0.52,30.6,19.6,0,0,31,468,604
1994-08,0,171.5,-171.5,,0.87,1.28,1.23,0.46,0.56,0.35,0.52,32.3,19.8,0,0,31,498,689
1994-09,0,188.5,-188.5,,0.36,,0.74,0.35,0.56,0.36,0.51,33.4,21.3,3,0,30,521,709
1994-10,0,211.7,-211.7,,-0.72,,-0.19,-0.8,0.12,0.35,0.4,34.9,22.3,19,0,31,576,767
1994-11,15,174.2,-159.2,-0.99,-0.5,-1.33,-0.61,-0.69,0.16,0.2,0.35,33.6,21.8,7,0,15,530,681
1994-12,76,159.7,-83.7,0.16,0.17,-0.57,-0.47,-0.65,-0.12,0.51,0.62,33.6,22,15,2,6,552,656
1995-01,128,138.4,-10.4,0.13,0.06,-0.28,-0.25,-0.49,-0.34,0.19,0.24,31.8,21.4,2,4,17,514,617
1995-02,197,100.3,96.7,0.91,1.05,0.62,0.78,0.21,0.3,0.36,0.41,29.8,21.1,0,10,2,432,481
1995-03,141,118.3,22.7,-0.32,-0.26,0.29,0.47,-0.06,0.07,0.04,0.29,30.4,21,0,5,6,486,579
1995-04,147,105.7,41.3,0.73,0.83,0.57,0.7,0.29,0.4,0.08,0.36,29.9,20.3,0,7,5,453,533
1995-05,116,106.9,9.1,1.87,1.95,0.77,0.87,0.85,0.98,0.67,0.91,30.4,20.2,0,3,5,475,518
1995-06,1,121,-120,-0.87,0.76,1.3,1.38,0.91,1.08,0.58,0.81,30.2,18.1,0,0,18,424,540
1995-07,4,145.2,-141.2,0.56,0.9,1.82,1.73,0.96,1.13,0.6,0.8,31.2,17.3,0,0,28,442,594
1995-08,0,185.2,-185.2,,-0.04,-0.06,0.62,0.76,0.87,0.6,0.74,33.3,18.3,2,0,31,490,715
1995-09,0,198.9,-198.9,,-0.3,-0.17,0.22,1.28,1.21,0.6,0.69,34.9,20.6,20,0,30,532,740
1995-10,19,188.8,-169.8,0.37,0.67,0.22,0.18,1.58,1.33,0.69,0.8,35.6,22.1,29,1,29,584,733
1995-11,45,166,-121,0.34,0.47,0.32,0.39,0.27,0.5,0.83,0.93,33.4,22,13,0,19,531,640
1995-12,33,154.7,-121.7,-0.97,-0.61,-0.46,-0.01,-0.47,0.04,0.62,0.82,33.5,21.3,10,0,7,538,650
1996-01,142,136.7,5.3,0.31,0.26,-0.26,-0.09,-0.25,-0.08,0.66,0.81,30.8,20.4,1,5,4,483,616
1996-02,114,116.7,-2.7,-0.08,-0.16,-0.42,-0.27,-0.36,-0.08,0.29,0.46,30.3,20.2,0,6,8,444,556
1996-03,149,101.4,47.6,-0.2,0.09,-0.22,-0.01,-0.49,-0.04,0.34,0.67,29.2,20.4,0,5,3,460,503
1996-04,124,103.7,20.3,0.47,0.6,-0.06,0.12,-0.29,-0.03,0.2,0.61,29.4,20.4,0,4,5,448,510
1996-05,44,122,-78,0.63,0.71,0.19,0.36,-0.21,-0.01,-0.19,0.22,30.5,18.4,0,2,24,448,598
1996-06,0,138.3,-138.3,,-0.26,0.5,0.52,0.04,0.2,-0.2,0.14,31.5,17.3,0,0,30,433,565
1996-07,0,162.2,-162.2,,-0.39,0.45,0.24,0.01,0.13,-0.22,0.06,32.4,17.2,1,0,31,458,603
1996-08,0,187.2,-187.2,,-0.18,,-0.3,0.15,0.24,-0.22,0.05,33.6,18.8,9,0,31,502,675
1996-09,4,209,-205,-0.07,-0.71,-0.17,-0.51,0.47,0.27,-0.19,0.02,35.3,20.8,23,0,16,540,723
1996-10,18,191.2,-173.2,0.33,0.57,0.34,-0.06,0.45,0.11,-0.19,-0.04,35.3,22.7,23,0,14,590,715
1996-11,60,161.1,-101.1,0.77,0.87,0.69,0.53,0.55,0.2,-0.1,0.07,33.6,22.5,13,2,10,540,602
1996-12,32,180.3,-148.3,-1.01,-1.26,-0.23,-0.12,-0.24,-0.29,-0.1,0.02,34.8,21.8,20,1,17,566,700
1997-01,118,119.9,-1.9,-0.01,0.17,-0.39,-0.23,-0.33,-0.28,-0.22,-0.11,30.5,20.8,1,4,4,486,542
1997-02,22,137.4,-115.4,-2.23,-1.69,-1.84,-1.86,-1.41,-1.11,-0.71,-0.51,31.4,20,1,0,8,440,620
1997-03,240,121.4,118.6,0.91,0.93,-0.45,-0.43,-0.59,-0.45,-0.28,-0.21,30.4,20.9,0,8,4,485,526
1997-04,138,114.8,23.2,0.63,0.63,0.03,-0.13,-0.27,-0.31,-0.2,-0.23,29.6,20,0,5,8,444,564
1997-05,32,113.6,-81.6,0.3,0.63,0.81,0.8,-0.35,-0.39,-0.25,-0.24,28.8,18.8,0,0,14,428,545
1997-06,0,132.5,-132.5,,0.1,0.52,0.56,-0.1,-0.02,-0.25,-0.21,31.5,16.2,0,0,30,416,582
1997-07,0,160.6,-160.6,,-0.28,0.11,0.3,0.01,-0.05,-0.25,-0.2,31.5,17,0,0,31,442,607
1997-08,0,194.2,-194.2,,-0.69,,-0.3,0.76,0.61,-0.25,-0.22,33.1,18.8,8,0,31,494,686
1997-09,21,198.2,-177.2,1.23,0.97,1.34,0.06,0.65,0.46,-0.15,-0.11,36.4,21.7,27,0,17,570,719
1997-10,74,196.3,-122.3,1.88,1.71,2.05,1.36,1.42,0.83,0.15,0.05,35.5,22.7,23,4,12,592,719
1997-11,50,164.1,-114.1,0.49,0.62,1.66,1.33,1.57,0.82,0.11,0.04,34,20.8,13,0,9,522,699
1997-12,69,152.9,-83.9,0.01,0.16,0.93,0.87,1.06,0.72,0.3,0.32,33.9,21.6,13,2,9,550,668
1998-01,175,120.3,54.7,0.69,0.82,0.59,0.8,1.26,1.12,0.55,0.43,31.6,21.4,2,6,4,512,553
1998-02,61,131.2,-70.2,-1.02,-1.1,-0.25,-0.07,0.49,0.6,0.73,0.62,33.1,21.7,9,2,8,486,606
1998-03,147,139.4,7.6,-0.23,-0.48,-0.42,-0.51,0.08,0.18,0.32,0.3,32.8,21.5,9,7,8,532,629
1998-04,8,144.4,-136.4,-2.38,-1.77,-1.5,-1.5,-0.93,-0.92,-0.44,-0.41,34.8,21.6,19,0,12,547,630
1998-05,6,163.8,-157.8,-0.97,-1.59,-1.21,-1.38,-1.1,-1.2,-0.56,-0.72,34.6,21.3,19,0,27,557,608
1998-06,0,165.5,-165.5,,-2.2,-2.37,-1.87,-1.15,-1.37,-0.57,-0.84,33.1,20.1,4,0,30,498,563
1998-07,0,180.6,-180.6,,-1.82,-1.24,-1.95,-1.58,-1.67,-0.56,-0.9,33.3,20.2,2,0,31,519,605
1998-08,0,196,-196,,-0.82,,-1.7,-1.25,-1.55,-0.56,-0.9,34.3,20.1,19,0,31,534,687
1998-09,0,201.8,-201.8,,-0.49,,-1.13,-2.53,-1.85,-0.68,-0.97,35.5,21.9,23,0,30,561,740
1998-10,0,213,-213,,-0.77,,-0.93,-1.8,-1.57,-1.14,-1.24,36.9,24,31,0,31,635,770
1998-11,46,153.7,-107.7,0.37,0.75,-0.12,-0.07,-0.31,-0.77,-1.15,-1.19,35.3,24,23,2,7,590,604
1998-12,65,157.3,-92.3,-0.08,0.01,-0.21,-0.02,-0.29,-0.42,-1.15,-1.24,34.5,22.8,22,1,4,579,645
1999-01,117,127.6,-10.6,-0.03,0.06,-0.16,0.18,-0.38,-0.31,-1.48,-1.37,31.4,21.4,4,2,4,508,572
1999-02,217,117.4,99.6,1.1,1.08,0.6,0.73,0.45,0.52,-0.51,-0.89,30.9,20.9,0,7,5,445,543
1999-03,196,112,84,0.41,0.55,0.79,0.92,0.54,0.71,-0.32,-0.65,29.4,20.5,0,7,4,464,555
1999-04,25,123.6,-98.6,-1.44,-1.14,0.28,0.24,0.07,0.22,-0.22,-0.54,30.6,19.8,0,0,14,456,598
1999-05,95,120.6,-25.6,1.58,1.56,0.19,0.17,0.4,0.42,0.28,0.04,31.1,19.1,0,3,7,468,552
1999-06,0,144.8,-144.8,,-0.69,-0.02,-0.12,0.49,0.45,0.28,0.13,32.9,17.2,3,0,30,452,604
1999-07,0,168.5,-168.5,,-0.87,1.45,0.81,0.59,0.41,0.28,0.18,32.4,17.2,0,0,31,459,634
1999-08,0,194.5,-194.5,,-0.71,,-0.81,0.14,-0.03,0.28,0.18,33.4,19,4,0,31,502,712
1999-09,1,192.9,-191.9,-0.78,0.15,-0.97,-0.52,-0.09,-0.26,0.29,0.21,35.2,21.7,23,0,18,552,710
1999-10,36,192.4,-156.4,0.99,1.02,0.85,0.41,1.48,0.71,0.46,0.39,35.2,22.1,23,1,11,577,721
1999-11,68,154.8,-86.8,0.97,1.12,1.09,1.09,0.97,0.43,0.57,0.48,33.9,22.2,16,3,9,541,615
1999-12,126,145.5,-19.5,1,1.09,1.33,1.32,1.24,0.96,0.85,0.77,31.8,22.3,8,4,15,528,603
2000-01,164,129.3,34.7,0.57,0.61,1.22,1.34,1.31,1.28,1.01,0.86,30.4,20.8,0,4,4,484,624
2000-02,233,113.9,119.1,1.25,1.27,1.54,1.53,1.79,1.73,1.09,0.96,29.7,20.6,0,10,2,438,566
2000-03,125,122.2,2.8,-0.57,-0.55,0.73,0.81,1.26,1.36,0.87,0.77,30,20.5,0,4,3,472,598
2000-04,176,114.9,61.1,1.03,1.03,0.85,0.83,1.27,1.37,1.58,1.39,30,20.6,0,6,5,458,565
2000-05,4,132,-128,-1.2,-0.62,0.1,0.01,0.96,0.95,1.11,0.99,31.5,19.1,0,0,18,475,596
2000-06,5,131.9,-126.9,0.09,0.42,0.66,0.53,0.79,0.74,1.14,1.04,31.6,19.3,0,0,28,464,521
2000-07,0,156.3,-156.3,,0.02,-0.97,-0.31,0.64,0.54,1.14,1.07,32.2,18.7,1,0,31,479,598
2000-08,0,187.8,-187.8,,-0.23,-0.06,0.1,0.09,0.04,1.14,1.08,33.5,19.8,7,0,31,516,671
2000-09,3,200.7,-197.7,-0.24,-0.22,-0.36,-0.19,0.62,0.38,1.14,1.05,34.3,22.1,13,0,14,546,688
2000-10,7,213.7,-206.7,-0.37,-0.54,-0.27,-0.59,-0.9,-0.51,1,0.83,34.8,22.4,19,0,16,576,748
2000-11,95,170.9,-75.9,1.55,1.29,1.09,0.52,1.05,0.35,1.11,0.86,32.9,21.8,4,3,19,520,678
2000-12,125,149.4,-24.4,0.99,1.03,1.3,0.98,1.23,0.74,1.1,0.86,31.4,21.5,7,6,8,509,653
2001-01,178,147.1,30.9,0.73,0.57,1.58,1.36,1.42,0.94,1.11,0.78,31.8,20.4,0,5,7,499,636
2001-02,186,108.3,77.7,0.79,0.85,1.3,1.28,1.56,1.29,0.92,0.65,30.3,20.4,0,5,5,429,511
2001-03,161,123.4,37.6,-0.03,-0.05,0.75,0.74,1.26,1.12,1.2,0.89,30.8,20.3,0,5,7,482,597
2001-04,55,120.1,-65.1,-0.61,-0.6,0.04,0.02,0.81,0.77,0.59,0.42,31.3,19.9,0,2,9,468,558
2001-05,12,132.8,-120.8,-0.51,-0.4,-0.53,-0.54,0.41,0.31,0.61,0.43,32.7,20.1,2,0,8,508,597
2001-06,0,144.5,-144.5,,-0.67,-0.8,-0.7,0.16,0.01,0.59,0.35,31.5,20.1,0,0,30,474,529
2001-07,1,168.5,-167.5,-1.55,-0.79,-0.69,-0.7,-0.09,-0.22,0.59,0.3,31.7,20.1,0,0,17,493,587
2001-08,0,201.2,-201.2,,-1.18,-1.1,-0.95,-0.56,-0.67,0.59,0.24,32.3,20.1,5,0,31,502,693
2001-09,42,201.5,-159.5,2.06,1.69,2.34,0.15,-0.23,-0.53,0.78,0.39,34.7,21.6,17,2,15,545,717
2001-10,9,214.8,-205.8,-0.2,-0.51,1.21,-0.08,0.41,-0.46,0.78,0.34,36.1,23.2,28,0,11,610,730
2001-11,36,192.1,-156.1,0.03,-0.41,0.78,-0.06,0.66,-0.48,0.5,0.06,35.5,24,25,2,19,594,689
2001-12,144,178,-34,1.25,0.92,0.88,0.16,1.25,0.16,0.59,0.08,33.4,22,16,6,16,548,661
2002-01,179,120.3,58.7,0.74,0.86,1.23,0.89,1.44,0.67,0.57,0.07,29.5,20.5,0,7,5,464,578
2002-02,25,146.9,-121.9,-2.09,-1.77,0.16,-0.05,0.37,-0.15,-0.2,-0.64,32.6,20.4,5,0,8,461,645
2002-03,192,138.2,53.9,0.37,0.17,-0.3,-0.53,0.14,-0.34,-0.09,-0.6,31.5,20.5,1,7,3,496,619
2002-04,65,127.6,-62.6,-0.41,-0.56,-0.87,-1.12,-0.08,-0.51,-0.03,-0.63,31.4,20.2,0,1,13,474,572
2002-05,39,144.5,-105.5,0.5,0.05,0.04,-0.32,0.01,-0.41,0.12,-0.55,33.1,20.6,4,1,13,522,583
2002-06,0,159.3,-159.3,,-1.73,-0.22,-0.67,-0.42,-0.77,0.12,-0.6,32.3,19.8,0,0,30,482,559
2002-07,5,175.4,-170.4,1,-1.02,0.45,-0.74,-0.7,-1.1,0.15,-0.6,32.8,19.6,4,0,15,504,610
2002-08,0,205,-205,,-1.43,-0.06,-1.51,0.03,-0.6,0.15,-0.61,33.3,19.8,3,0,31,512,705
2002-09,2,207.3,-205.3,-0.45,-0.73,0.25,-1.19,-0.22,-0.91,-0.07,-0.78,35.1,22,19,0,23,556,719
2002-10,1,235.2,-234.2,-1.37,-1.53,-1,-1.48,0.03,-1.26,-0.11,-0.87,36,23.6,28,0,28,614,779
2002-11,17,217.8,-200.8,-0.86,-1.7,-1.05,-1.67,-1.05,-1.73,-0.2,-0.98,36.2,24.1,27,0,13,604,726
2002-12,113,172.8,-59.8,0.81,0.56,0.11,-0.91,0.12,-1.15,-0.37,-1.07,34.1,22.7,17,4,7,570,650
2003-01,124,153.6,-29.6,0.07,-0.2,0.15,-0.63,-0.04,-1.13,-0.65,-1.31,32.5,21.6,9,4,4,528,654
2003-02,116,121.7,-5.7,-0.05,-0.2,0.2,-0.03,-0.17,-1.04,-0.15,-0.98,31.3,21.3,1,2,3,457,507
2003-03,216,131.7,84.3,0.65,0.55,0.21,-0.02,0.16,-0.62,-0.07,-0.96,30.7,21,0,7,2,492,615
2003-04,67,133.7,-66.7,-0.38,-0.62,0.02,-0.23,-0.01,-0.6,-0.06,-1.04,31.3,20.8,0,2,4,482,631
2003-05,50,137.1,-87.1,0.77,0.51,0.31,-0.03,0.24,-0.18,0.01,-0.93,32,20,3,1,16,496,588
2003-06,6,152.7,-146.7,0.22,-0.82,0.02,-0.41,0.08,-0.34,0.04,-0.87,33,19.2,0,0,20,483,574
2003-07,4,175.3,-171.3,0.56,-1.09,0.82,-0.21,0.17,-0.27,0.04,-0.85,32.2,17.8,0,0,18,466,641
2003-08,0,202.3,-202.3,,-1.25,0.56,-1.14,0.33,-0.27,0.04,-0.84,34.2,20,13,0,31,531,703
2003-09,2,226.5,-224.5,-0.45,-1.96,0.13,-1.61,0.01,-0.83,0.04,-0.89,35.3,22.1,22,0,28,561,745
2003-10,0,236.7,-236.7,,-1.62,-1.2,-1.74,0.37,-1.15,0.04,-0.89,36.3,23.5,30,0,31,616,776
2003-11,20,205.9,-185.9,-0.68,-1.26,-0.95,-1.75,-0.77,-1.67,0.06,-0.8,35.9,24.3,27,1,10,604,700
2003-12,97,190.7,-93.7,0.55,-0.02,-0.11,-1.15,-0.1,-1.47,-0.02,-0.9,35.6,23.5,26,3,3,605,691
2004-01,513,116,397,3.22,2.72,3.31,2.36,3.04,1.73,1.66,0.6,29.8,21.4,2,16,3,484,501
2004-02,200,116.4,83.6,0.94,0.91,3.27,2.38,3,1.9,1.97,0.95,29.8,20.9,0,7,3,446,562
2004-03,88,139.2,-51.2,-1.24,-1.36,2.53,2.16,2.22,1.44,1.7,0.56,30.9,20.9,0,3,6,493,655
2004-04,72,126,-54,-0.29,-0.43,-0.26,-0.44,1.73,1.31,1.7,0.63,31.1,20.5,0,3,10,474,567
2004-05,33,138.4,-105.4,0.33,0.05,-0.86,-0.94,1.74,1.41,1.56,0.53,31.8,19.4,0,1,10,484,584
2004-06,11,140.3,-129.3,0.74,0.29,-0.07,-0.3,1.8,1.49,1.59,0.59,31.3,18.5,0,0,12,447,526
2004-07,3,165.8,-162.8,0.04,-0.44,0.52,-0.08,-0.14,-0.4,1.58,0.62,32.3,18.3,1,0,20,474,608
2004-08,0,199.8,-199.8,,-1.08,0.92,-0.41,-0.77,-0.9,1.58,0.62,33.8,19.9,9,0,31,522,702
2004-09,0,217.5,-217.5,,-1.52,-0.36,-1.17,-0.12,-0.61,1.57,0.63,34.7,21.3,17,0,30,540,732
2004-10,2,224.5,-222.5,-1.06,-1.11,-1.2,-1.41,0.08,-0.85,1.55,0.64,36,23.2,31,0,21,608,763
2004-11,12,209.5,-197.5,-1.21,-1.6,-1.39,-1.63,-0.93,-1.36,1.51,0.6,35.8,23,22,0,20,582,707
2004-12,41,185.4,-144.4,-0.7,-1.16,-1.39,-1.65,-1.38,-1.71,1.26,0.46,35.2,22.9,26,0,7,591,673
2005-01,160,152.4,7.6,0.52,0.29,-0.35,-1.08,-0.54,-1.38,-0.44,-1,33,21.7,11,5,6,538,615
2005-02,112,131.3,-19.3,-0.11,-0.39,-0.17,-0.65,-0.61,-1.46,-0.93,-1.31,32.1,21.5,2,3,9,472,564
2005-03,187,130.7,56.3,0.3,0.2,0.24,-0.06,-0.39,-1.13,-0.46,-1.1,31.2,21.3,0,8,3,504,584
2005-04,79,138.4,-59.4,-0.17,-0.51,-0.13,-0.45,-0.39,-0.99,-0.42,-1.18,32,20.5,2,2,15,488,596
2005-05,29,133.2,-104.2,0.21,0.08,0.03,-0.28,-0.19,-0.66,-0.41,-1.14,30.9,20.4,0,1,7,485,543
2005-06,6,150.5,-144.5,0.22,-0.67,-0.09,-0.48,0.04,-0.4,-0.45,-1.18,31.9,19.9,1,0,14,476,531
2005-07,0,177.7,-177.7,,-1.58,0.2,-0.58,-0.11,-0.54,-0.46,-1.21,32.2,19,0,0,31,483,631
2005-08,0,195.5,-195.5,,-0.78,0.09,-1.07,0.03,-0.47,-0.46,-1.18,33,20.2,3,0,31,516,686
2005-09,0,213.4,-213.4,,-1.26,,-1.33,-0.18,-0.8,-0.45,-1.15,35.2,21.1,22,0,30,544,726
2005-10,0,242.5,-242.5,,-1.83,,-1.58,-0.3,-1.24,-0.46,-1.17,36.6,23.3,31,0,31,619,794
2005-11,41,187.6,-146.6,0.21,-0.15,-0.26,-1.2,-0.28,-1.28,-0.28,-0.98,36.3,23.9,27,1,12,603,687
2005-12,111,165,-54,0.78,0.65,0.41,-0.35,0.32,-0.75,0.1,-0.63,32.6,21.7,5,4,6,532,653
2006-01,33,190.3,-157.3,-1.79,-2.11,-0.74,-1.31,-0.95,-1.58,-0.57,-1.19,34.4,21.5,14,1,17,556,705
2006-02,211,109.3,101.7,1.04,1.1,0.22,-0.17,0.04,-0.87,-0.03,-0.83,30,21.4,0,10,3,440,508
2006-03,171,116.1,54.9,0.1,0.19,-0.13,-0.45,0.01,-0.61,-0.17,-0.9,30.3,21.3,0,7,4,489,557
2006-04,133,104.1,28.9,0.57,0.69,0.74,0.84,0.27,-0.03,0.14,-0.59,29.6,21,0,3,2,460,515
2006-05,113,121.2,-8.2,1.83,1.77,0.85,0.89,0.69,0.46,0.57,-0.16,30.1,20,0,3,16,466,555
2006-06,3,140.3,-137.3,-0.26,-0.19,1.19,1.1,0.56,0.35,0.56,-0.13,31.1,18.9,0,0,28,449,540
2006-07,0,159.5,-159.5,,-0.2,1.76,1.22,1.08,1.01,0.56,-0.04,31.8,18.5,3,0,31,469,614
2006-08,0,202.7,-202.7,,-1.28,-0.44,-0.6,0.82,0.63,0.56,-0.08,33.7,19.4,8,0,31,513,709
2006-09,12,208.1,-196.1,0.71,-0.12,0.74,-0.62,1.23,0.77,0.62,-0.01,35.2,21.2,21,0,20,546,723
2006-10,31,206.8,-175.8,0.83,0.5,1.01,-0.25,1.81,0.73,0.76,0.21,35.8,23.1,25,1,17,604,714
2006-11,43,185.3,-142.3,0.27,-0.04,0.76,0.05,0.68,-0.27,0.76,0.26,35.1,23.2,23,2,10,574,689
2006-12,55,183,-128,-0.32,-0.76,0.08,-0.38,0.17,-0.53,0.5,0.02,34.6,22.8,21,1,9,580,697
2007-01,28,177,-149,-1.98,-1.98,-1.7,-1.88,-1.18,-1.49,0.45,-0.05,34.2,21.7,13,1,15,557,683
2007-02,328,107.1,220.9,2.02,2.05,0.7,0.32,0.86,0.21,0.98,0.42,29.8,21,0,12,1,430,498
2007-03,69,136.9,-67.9,-1.67,-1.61,-0.05,-0.41,-0.08,-0.59,0.58,0.02,30.2,20.4,0,1,4,474,637
2007-04,91,133.3,-42.3,0.02,-0.25,0.58,0.4,-0.24,-0.75,0.35,-0.31,31.8,20.7,0,2,5,488,584
2007-05,20,152.4,-132.4,-0.12,-0.76,-1,-1.13,-0.29,-0.82,-0.16,-0.82,32.2,20,1,0,25,500,615
2007-06,5,157.9,-152.9,0.09,-1.27,-0.07,-0.67,-0.15,-0.7,-0.15,-0.87,32,19.3,1,0,17,469,566
2007-07,0,165.5,-165.5,,-0.64,-0.13,-1.02,0.48,0,-0.15,-0.88,33.1,18.7,4,0,31,494,636
2007-08,0,206.1,-206.1,,-1.5,-0.06,-1.25,-0.99,-1.24,-0.15,-0.88,32.5,19.5,3,0,31,496,706
2007-09,0,222.8,-222.8,,-1.86,,-1.52,-0.15,-1.01,-0.21,-0.97,33.8,21.2,8,0,30,526,738
2007-10,0,239.3,-239.3,,-1.71,,-1.8,-0.64,-1.61,-0.38,-1.15,35.8,23.3,25,0,31,607,777
2007-11,19,220,-201,-0.74,-1.71,-1.1,-1.93,-1.1,-1.83,-0.51,-1.31,36.3,23.9,27,1,21,604,739
2007-12,53,187.5,-134.5,-0.37,-0.91,-0.97,-1.76,-1.04,-1.9,-0.51,-1.35,34.6,22.3,16,2,12,572,695
2008-01,61,157.4,-96.4,-1.01,-1.19,-1.57,-1.99,-1.77,-2.04,-0.31,-1.14,33,22.5,10,1,6,550,610
2008-02,132,135.2,-3.2,0.17,-0.17,-0.88,-1.5,-1.28,-2.15,-1.46,-1.73,32.1,20.9,4,4,2,478,591
2008-03,326,104.8,221.2,1.72,1.75,0.7,0.56,0.19,-0.67,-0.02,-1.04,29.4,20.6,0,11,1,465,521
2008-04,213,114.2,98.8,1.37,1.35,1.56,1.5,0.83,0.28,0.64,-0.52,30.2,20.8,0,7,4,465,573
2008-05,22,125.2,-103.2,-0.04,0.11,1.65,1.62,0.86,0.54,0.63,-0.38,30.3,19.9,0,0,16,468,588
2008-06,0,135.2,-135.2,,-0.06,1.08,0.94,1.03,0.83,0.61,-0.3,31.1,17.5,0,0,30,430,573
2008-07,1,155.3,-154.3,-1.55,0.16,-0.21,0,1.38,1.19,0.61,-0.24,31,17.9,0,0,18,448,605
2008-08,4,178.3,-174.3,0.5,0.7,-0.06,0.26,1.62,1.41,0.63,-0.11,33.1,19.2,2,0,20,500,683
2008-09,8,204.2,-196.2,0.39,-0.12,0.82,0.23,1.13,0.83,0.67,0,35.2,21.1,19,0,24,544,733
2008-10,3,228.7,-225.7,-0.86,-1.23,0.03,-0.67,-0.21,-0.36,0.68,0.01,36,22.9,26,0,19,602,794
2008-11,23,192.8,-169.8,-0.52,-0.79,-0.48,-1.06,-0.52,-0.68,0.69,0.16,36.5,23.7,29,1,10,604,703
2008-12,107,158.4,-51.4,0.71,0.69,0.14,-0.39,0.24,-0.25,0.94,0.51,33.8,22.3,13,3,4,559,649
2009-01,120,149,-29,0.02,-0.2,0.1,-0.22,0.05,-0.51,1.14,0.66,33,21.5,10,6,3,534,629
2009-02,128,108.6,19.4,0.11,0.14,0.22,0.28,-0.03,-0.41,1.13,0.77,30.6,20.6,0,4,2,438,521
2009-03,135,125.7,9.3,-0.41,-0.45,-0.42,-0.45,-0.38,-0.63,0.3,0.04,31.1,20.6,0,5,4,491,627
2009-04,304,94.2,209.8,2.06,2.05,1.03,1.12,0.9,0.81,0.77,0.51,29.5,20.8,0,11,3,455,472
2009-05,79,98.2,-19.1,1.33,1.64,1.42,1.54,1.17,1.25,1.01,0.83,29.5,20.5,0,2,11,465,486
2009-06,6,116,-110,0.22,1.17,2.1,2.1,1.12,1.26,1.05,0.91,30.9,18.2,0,0,22,436,546
2009-07,6,135.1,-129.1,1.38,1.41,1.38,1.68,1.21,1.4,1.07,0.98,32,17.6,0,0,22,459,605
2009-08,2,170.7,-168.7,-0.26,1.03,0.92,1.27,1.45,1.56,1.06,0.99,33.6,19.1,6,0,28,507,668
2009-09,0,197.5,-197.5,,-0.21,0.37,0.88,2.12,1.97,1.02,0.98,36.4,21,30,0,30,560,731
2009-10,26,177,-151,0.66,1.15,0.57,0.92,1.31,1.55,1.11,1.2,35.8,22.5,27,0,11,594,692
2009-11,11,186.4,-175.4,-1.29,-0.96,-0.38,-0.09,-0.17,0.54,1.05,1.15,36.4,23.3,28,0,10,596,688
2009-12,123,144.6,-21.6,0.96,1.07,0.52,0.63,0.53,0.78,1.11,1.23,34,22,17,3,6,558,560
2010-01,88,132.3,-44.3,-0.48,-0.41,-0.24,-0.13,-0.12,0.19,0.93,1.18,32.2,20.9,5,2,5,512,593
2010-02,79,137.5,-58.5,-0.65,-0.94,-0.41,-0.32,-0.61,-0.38,0.73,0.93,34.1,21.8,14,3,8,504,559
2010-03,157,141.9,15.1,-0.09,-0.37,-0.99,-1.21,-0.64,-0.55,0.91,1.06,33.4,21.6,11,4,5,542,642
2010-04,95,123.4,-28.4,0.08,-0.04,-0.47,-0.76,-0.63,-0.78,-0.22,0.13,31.5,21,0,1,11,488,598
2010-05,11,136,-125,-0.57,-0.52,-0.22,-0.48,-0.53,-0.66,-0.6,-0.33,34.1,19.6,14,0,17,523,619
2010-06,29,137.6,-108.6,1.85,1.22,0.15,-0.05,-0.69,-0.83,-0.47,-0.32,32.3,19.3,4,1,27,474,540
2010-07,1,163.3,-162.3,-1.55,-0.41,0.37,-0.05,-0.37,-0.64,-0.5,-0.45,33,18.5,1,0,17,488,628
2010-08,0,195.2,-195.2,,-0.76,1.91,0.21,-0.03,-0.35,-0.51,-0.55,33.7,19.1,8,0,31,508,709
2010-09,0,210,-210,,-1.04,-0.97,-0.85,0.09,-0.31,-0.5,-0.59,35,20.7,20,0,30,536,736
2010-10,103,184.1,-81,2.39,2.29,2.17,1.49,1.63,0.71,-0.06,-0.34,36.1,22.3,25,2,10,594,691
2010-11,25,173.6,-148.6,-0.43,-0.21,1.43,1.04,1.74,0.77,0.02,-0.2,35.3,21.7,24,0,11,555,711
2010-12,104,130.5,-26.5,0.66,1.01,1.35,1.36,1.26,0.92,-0.07,-0.17,32.1,21.3,7,2,4,517,574
2011-01,101,124.8,-23.8,-0.27,-0.12,-0.14,0.29,0.75,0.76,0,-0.19,31.9,20.6,2,4,5,504,579
2011-02,278,100.8,177.2,1.63,1.75,1.25,1.49,1.67,1.68,0.92,0.71,30.3,20.5,0,9,1,432,492
2011-03,190,120.4,69.6,0.34,0.37,1.07,1.23,1.56,1.65,1.19,1.01,30.8,20.3,0,5,1,482,610
2011-04,92,119,-27,0.04,-0.02,0.99,1.03,0.76,0.97,1.16,1.07,30.9,20.2,0,4,6,466,598
2011-05,81,115.9,-34.9,1.36,1.44,0.51,0.48,1.05,1.23,1.42,1.35,30.3,19.6,0,3,11,462,540
2011-06,1,130.2,-129.2,-0.87,0.29,0.56,0.56,0.98,1.05,1.31,1.26,32.1,18.2,0,0,19,456,561
2011-07,3,152.6,-149.6,0.04,0.44,1.28,1.12,1.15,1.12,1.32,1.28,31.9,18.5,0,0,22,471,610
2011-08,5,177.3,-172.3,0.79,0.82,0.46,0.53,0.52,0.53,1.34,1.34,33,19.9,2,0,27,510,697
2011-09,0,198.9,-198.9,,-0.3,0.37,0.33,0.57,0.53,1.34,1.36,33.6,20.6,9,0,30,514,734
2011-10,44,181.8,-137.8,1.21,1.43,1.16,1.08,1.51,1.21,1.05,1.15,34.8,22.9,21,1,13,585,683
2011-11,66,156,-90,0.92,1.07,1.16,1.18,1.19,1.02,1.23,1.31,34,22.1,15,1,9,542,598
2011-12,24,172.1,-148.1,-1.33,-1.25,0.15,0.36,0.18,0.38,0.87,0.93,35.5,22.6,26,0,9,592,676
2012-01,123,143.2,-20.2,0.06,-0.07,-0.35,-0.3,0.02,0.12,0.92,0.88,33.6,22.1,14,4,3,553,586
2012-02,83,130.7,-47.7,-0.58,-0.79,-1.07,-1.3,-0.48,-0.34,0.04,0.06,32.2,20.9,6,2,8,480,560
2012-03,111,137.7,-26.7,-0.81,-0.99,-1.07,-1.27,-0.92,-0.79,-0.46,-0.25,33.3,21,9,4,7,532,603
2012-04,26,145.7,-119.7,-1.4,-1.49,-1.45,-1.48,-1.5,-1.43,-0.88,-0.69,35,20.5,20,0,8,533,632
2012-05,3,161.3,-158.3,-1.36,-1.61,-1.46,-1.47,-1.82,-1.71,-1.35,-1.16,34.8,21.2,21,0,13,559,611
2012-06,4,154.4,-150.4,-0.07,-1.09,-1.58,-1.6,-1.53,-1.6,-1.34,-1.22,34.2,20.3,15,0,23,518,570
2012-07,0,185.1,-185.1,,-2.17,-1.14,-1.77,-1.53,-1.61,-1.36,-1.33,33.6,20.1,4,0,31,522,641
2012-08,0,206.3,-206.3,,-1.51,-0.23,-1.69,-1.46,-1.63,-1.39,-1.43,33.3,19.9,6,0,31,514,718
2012-09,0,214.4,-214.4,,-1.33,,-1.79,-1.71,-1.82,-1.38,-1.45,35.3,21.2,19,0,30,547,726
2012-10,1,222.2,-221.2,-1.37,-1.07,-1.51,-1.44,-1.59,-1.75,-1.66,-1.62,36.5,23.3,30,0,18,617,777
2012-11,39,175.5,-136.5,0.14,0.11,-0.29,-0.79,-0.37,-1.23,-1.84,-1.74,35.7,23.8,21,1,14,592,636
2012-12,55,157.9,-102.9,-0.32,-0.21,-0.49,-0.54,-0.57,-1.07,-1.59,-1.67,35,22.8,22,1,5,586,612
2013-01,142,131.3,10.7,0.31,0.33,-0.06,0,-0.27,-0.69,-1.39,-1.46,33,22.2,10,6,3,546,562
2013-02,59,140.9,-81.9,-1.06,-1.25,-0.77,-0.84,-0.94,-1.12,-1.53,-1.56,34.8,22.1,17,3,5,516,579
2013-03,131,139,-8,-0.47,-0.71,-0.91,-1.14,-1.13,-1.27,-1.65,-1.76,33.8,22.7,16,5,9,566,585
2013-04,94,120.3,-26.3,0.07,-0.01,-0.86,-1.03,-0.86,-0.94,-1.15,-1.51,31.9,21.3,6,4,3,499,562
2013-05,39,133.9,-94.9,0.5,0.32,-0.22,-0.42,-0.74,-0.84,-0.85,-1.23,33,20.8,5,1,13,525,579
2013-06,6,143.4,-137.4,0.22,-0.2,0.2,-0.02,-0.61,-0.77,-0.85,-1.17,33.4,20.4,3,0,13,508,556
2013-07,0,165.2,-165.2,,-0.62,0.47,-0.08,-0.68,-0.85,-0.84,-1.07,33.1,19.9,6,0,31,510,593
2013-08,0,204.9,-204.9,,-1.43,0.09,-0.81,-0.21,-0.53,-0.84,-1.05,34.5,21.2,16,0,31,553,696
2013-09,0,216.8,-216.8,,-1.48,,-1.34,0.12,-0.43,-0.83,-1.04,36.1,22.4,26,0,30,577,740
2013-10,1,205.9,-204.9,-1.37,-0.48,-1.51,-1.2,0.01,-0.72,-0.82,-0.96,36.2,23.7,29,0,23,620,714
2013-11,30,170.3,-140.3,-0.2,0.01,-0.59,-0.64,-0.59,-0.82,-0.86,-0.94,35.1,23.5,20,0,18,578,596
2013-12,89,154.9,-65.9,0.4,0.47,-0.06,0,-0.15,-0.48,-0.64,-0.79,33.9,22.4,17,2,4,562,613
2014-01,63,150.9,-87.9,-0.97,-1.06,-0.78,-0.68,-0.98,-1.04,-1.08,-1.12,33.8,21.8,17,1,3,552,597
2014-02,98,107.8,-9.8,-0.32,-0.26,-0.84,-0.73,-1.1,-0.97,-0.83,-0.91,31.5,21.7,3,4,4,465,463
2014-03,118,117.9,0.1,-0.68,-0.59,-1.48,-1.3,-1.39,-1.06,-1.08,-0.96,31.6,21.5,3,4,2,514,550
2014-04,92,115,-23,0.04,0.04,-0.66,-0.51,-1.07,-0.85,-1.09,-1.01,31.7,21.1,0,3,4,492,539
2014-05,36,133.8,-97.8,0.42,0.25,-0.37,-0.36,-0.89,-0.76,-1.05,-0.99,33.3,20.4,8,0,5,523,568
2014-06,0,151.7,-151.7,,-1.18,0.07,-0.15,-1.07,-0.93,-1.1,-1.03,33.6,19.9,8,0,30,503,581
2014-07,2,163.9,-161.9,-0.6,-0.37,0.29,-0.32,-0.56,-0.52,-1.08,-1,33.1,19.9,3,0,28,511,604
2014-08,0,203.1,-203.1,,-1.3,-0.7,-1.04,-0.4,-0.54,-1.08,-0.98,33.9,20.4,8,0,31,532,715
2014-09,0,197.5,-197.5,,-0.2,-0.6,-0.72,0.02,-0.35,-1.07,-0.89,35.8,22.1,22,0,30,570,697
2014-10,14,204.7,-190.7,0.12,0.02,-0.03,-0.57,0.15,-0.5,-0.97,-0.83,35.6,23.5,24,0,18,606,716
2014-11,63,175.6,-112.6,0.84,0.65,0.59,0.24,0.49,-0.31,-0.75,-0.69,35.2,23,22,2,9,574,669
2014-12,75,164.8,-89.8,0.14,0.05,0.41,0.19,0.35,-0.11,-0.82,-0.75,34.3,22,19,2,6,563,634
2015-01,79,162.4,-83.4,-0.65,-0.99,-0.3,-0.59,-0.34,-0.73,-0.69,-0.77,34.3,21.5,19,1,8,556,655
2015-02,160,118.5,41.5,0.51,0.43,-0.17,-0.4,-0.01,-0.26,-0.33,-0.61,32.6,21.6,9,8,4,480,498
2015-03,205,118.3,86.7,0.52,0.58,0.11,-0.05,0.22,0.05,0.09,-0.26,31.3,21.1,0,6,3,502,551
2015-04,111,121.6,-10.6,0.3,0.21,0.51,0.44,0.23,-0.01,0.19,-0.23,31.9,20.8,0,4,4,490,597
2015-05,30,128.7,-98.7,0.24,0.23,0.4,0.28,0.1,-0.13,0.16,-0.23,32.8,20.4,1,0,10,514,556
2015-06,2,142.4,-140.4,-0.5,-0.39,0.24,0.06,0.13,-0.1,0.17,-0.18,32.8,19.6,0,0,25,486,525
2015-07,3,159.9,-156.9,0.04,-0.02,0.2,-0.05,0.47,0.3,0.18,-0.15,32.9,20.6,3,0,24,520,534
2015-08,0,186.2,-186.2,,-0.11,-0.06,-0.2,0.38,0.2,0.18,-0.09,34.5,20.4,12,0,31,540,649
2015-09,0,197.2,-197.2,,-0.18,-0.36,-0.15,0.2,-0.01,0.18,-0.08,36.8,21.7,30,0,30,577,697
2015-10,6,220.8,-214.8,-0.46,-0.83,-0.61,-0.7,-0.12,-0.41,0.14,-0.21,37.3,23.9,30,0,18,638,759
2015-11,1,207.8,-206.8,-3.05,-1.88,-1.97,-1.41,-1.8,-1.12,-0.19,-0.53,37.8,24.4,30,0,23,634,728
2015-12,7,204.1,-197.1,-2.49,-2.65,-3.14,-2.19,-2.98,-1.82,-0.56,-0.89,37.3,24.4,31,0,16,645,705
2016-01,299,116.1,182.9,1.83,1.81,0.73,0.07,0.56,-0.3,0.56,0.01,31.5,22,8,8,2,518,496
2016-02,38,146,-108,-1.62,-1.59,0.12,-0.3,-0.38,-1.08,-0.01,-0.53,33.4,20.8,8,0,9,495,635
2016-03,138,141.4,-3.4,-0.36,-0.64,0.36,0.17,-0.6,-1.32,-0.45,-0.89,33.3,22.4,7,6,3,553,618
2016-04,16,145.7,-129.7,-1.84,-1.66,-1.76,-1.73,-1.01,-1.48,-1.06,-1.42,34.6,21.9,16,0,14,548,610
2016-05,9,150.6,-141.6,-0.71,-1.05,-1.19,-1.31,-0.82,-1.24,-1.14,-1.52,35,21,23,0,11,558,595
2016-06,0,150.2,-150.2,,-1.07,-1.85,-1.53,-0.42,-0.83,-1.17,-1.54,34,19.7,13,0,30,506,575
2016-07,0,166.2,-166.2,,-0.69,-0.97,-1.15,-1.79,-1.66,-1.18,-1.54,33.8,19.4,7,0,31,516,649
2016-08,0,199.6,-199.6,,-1.07,,-1.02,-1.23,-1.36,-1.18,-1.57,35.2,19.5,20,0,31,538,711
2016-09,9,197.5,-188.5,0.48,0.36,0.47,-0.51,-1.68,-1.41,-1.11,-1.51,36.2,22.8,30,0,21,584,693
2016-10,6,215.9,-209.9,-0.46,-0.66,0.03,-0.7,-0.68,-1.03,-1.09,-1.42,37.2,23.9,30,0,13,638,750
2016-11,7,202.4,-195.4,-1.69,-1.54,-0.95,-1.08,-1.2,-1.19,-1.04,-1.37,37.1,24.8,29,0,9,628,689
2016-12,45,169.6,-124.6,-0.58,-0.68,-1.31,-1.29,-1.16,-1.22,-0.78,-1.15,35,23.2,20,2,8,592,610
2017-01,112,147.7,-35.7,-0.1,-0.29,-1.05,-1.29,-1.03,-1.25,-1.98,-1.69,34.3,22.4,18,4,7,568,599
2017-02,76,105.6,-29.6,-0.71,-0.53,-1.04,-1.01,-1.4,-1.39,-1.69,-1.51,31.7,21.5,5,1,4,466,488
2017-03,134,115.5,18.5,-0.43,-0.32,-1.01,-0.86,-1.57,-1.51,-2.02,-1.69,32.2,21.2,2,5,6,517,544
2017-04,118,129.7,-11.7,0.39,0.19,-0.5,-0.45,-1.06,-1.1,-1.23,-1.34,33.1,21.2,7,4,8,515,593
2017-05,20,142.2,-122.2,-0.12,-0.44,-0.15,-0.33,-0.83,-0.85,-1.09,-1.22,34.6,21.4,16,0,11,558,560
2017-06,5,146,-141,0.09,-0.43,0.24,-0.17,-0.65,-0.69,-1.07,-1.17,33.2,20.2,4,0,19,502,537
2017-07,0,162.5,-162.5,,-0.42,-0.13,-0.57,-0.51,-0.54,-1.06,-1.14,31.8,19.6,0,0,31,486,572
2017-08,0,192.8,-192.8,,-0.59,-0.06,-0.52,-0.16,-0.39,-1.06,-1.1,35.1,20.3,23,0,31,548,692
2017-09,0,220.5,-220.5,,-1.71,,-1.06,0.17,-0.47,-1.11,-1.19,34.7,21.6,21,0,30,545,730
2017-10,3,229.9,-226.9,-0.86,-1.27,-1,-1.41,-0.53,-1.13,-1.11,-1.2,37.1,24,31,0,30,637,755
2017-11,33,176.4,-143.4,-0.08,-0.07,-0.42,-1.04,-0.46,-0.98,-0.93,-1,36.5,24.3,25,0,8,612,621
2017-12,65,163.5,-98.5,-0.08,-0.12,-0.38,-0.63,-0.47,-0.88,-0.79,-0.9,35.2,23,20,2,6,592,608
2018-01,102,130.4,-28.4,-0.25,-0.19,-0.53,-0.43,-0.7,-0.97,-0.81,-0.9,33,21.4,7,3,6,533,564
2018-02,172,96.4,75.6,0.64,0.83,0.07,0.36,-0.15,-0.33,-0.26,-0.55,30.6,21.4,2,4,2,448,454
2018-03,166,119.2,46.8,0.03,0.08,0.08,0.35,-0.18,-0.13,-0.15,-0.44,31.6,21.4,0,4,3,510,574
2018-04,65,109.2,-44.2,-0.41,-0.28,0.05,0.2,-0.31,-0.14,-0.47,-0.62,30.7,20.5,0,2,8,468,521
2018-05,0,130,-130,,-0.68,-0.5,-0.41,-0.42,-0.25,-0.56,-0.63,32.8,19.5,3,0,31,501,549
2018-06,1,139.6,-138.6,-0.87,-0.27,-0.82,-0.53,-0.38,-0.17,-0.59,-0.61,33.4,18.9,5,0,26,484,567
2018-07,0,161.9,-161.9,,-0.37,-2.22,-0.66,-0.16,-0.07,-0.59,-0.6,33,18.7,0,0,31,492,606
2018-08,0,194.2,-194.2,,-0.69,-1.1,-0.48,-0.54,-0.45,-0.59,-0.6,34.9,20.1,17,0,31,542,684
2018-09,1,200.3,-199.3,-0.78,-0.32,-0.97,-0.54,-0.9,-0.6,-0.57,-0.51,36.3,22.2,26,0,24,578,692
2018-10,18,187.9,-169.9,0.33,0.67,0.22,-0.02,-0.85,-0.41,-0.47,-0.31,36.5,23.3,26,0,14,617,690
2018-11,22,180.3,-158.3,-0.57,-0.47,-0.26,-0.15,-0.43,-0.36,-0.53,-0.32,36,24.1,24,1,9,602,629
2018-12,177,130.3,46.7,1.66,1.69,1.2,1.18,1.11,0.82,0.09,0.27,31.4,20.7,0,7,6,498,595
2019-01,51,140.8,-89.8,-1.25,-1.09,0.1,0.27,0.1,0.13,-0.17,-0.06,32.8,21.1,7,1,5,524,624
2019-02,186,119.8,66.2,0.79,0.72,0.72,0.92,0.53,0.66,-0.08,-0.09,32.6,21.6,4,7,2,479,550
2019-03,195,126.9,68.1,0.4,0.36,0.01,-0.06,0.59,0.73,0.03,0.07,31.5,21.3,0,7,2,510,611
2019-04,243,107.2,135.8,1.61,1.62,1.33,1.28,1.18,1.19,0.97,0.82,31.6,21,0,4,6,489,522
2019-05,45,113.1,-68.1,0.65,0.91,1.24,1.22,1.28,1.34,1.14,1.03,32.8,19.8,1,3,13,506,542
2019-06,11,120.9,-109.9,0.74,1.17,1.54,1.54,0.92,0.92,1.19,1.11,32.3,18.2,0,0,17,457,508
2019-07,3,136.2,-133.2,0.04,1.26,0.8,1.15,1.33,1.32,1.2,1.19,32.8,18.7,6,0,24,489,542
2019-08,0,177.4,-177.4,,0.5,0.92,1.08,1.26,1.26,1.2,1.23,33.7,19.4,10,0,31,513,660
2019-09,4,194.3,-190.3,-0.07,0.25,0.25,0.77,1.55,1.46,1.21,1.25,36.2,21.8,29,0,26,570,722
2019-10,6,203.1,-197.1,-0.46,-0.2,-0.27,-0.05,0.51,0.76,1.14,1.13,36.8,23,30,0,19,616,739
2019-11,34,183.8,-149.8,-0.04,-0.24,-0.17,-0.28,0.02,0.29,1.19,1.13,36.9,23.3,27,1,6,602,692
2019-12,29,176.4,-147.4,-1.12,-1.23,-1.04,-0.91,-0.95,-0.45,0.51,0.5,36.3,23,28,0,6,610,687
2020-01,192,113.5,78.5,0.87,1.05,0.16,0.1,0.05,-0.01,1.1,1.02,31.3,21.2,1,7,2,503,538
2020-02,141,108.2,32.9,0.28,0.32,0.28,0.49,0.12,0.19,0.92,0.93,31.2,21.2,0,5,1,469,526
2020-03,289,106.7,182.3,1.39,1.48,1.43,1.6,0.87,0.92,1.47,1.41,30.3,21.4,0,11,3,491,526
2020-04,126,105.7,20.3,0.49,0.6,0.97,1.11,0.87,0.95,0.9,1.08,30.5,21.1,0,4,3,474,517
2020-05,26,111.4,-85.4,0.11,0.54,1,1.12,0.84,1,0.77,0.98,31.1,20.2,0,1,15,485,526
2020-06,1,117.5,-116.5,-0.87,0.91,0.35,0.63,1.14,1.38,0.73,0.94,31.7,18.8,0,0,28,456,527
2020-07,0,147.3,-147.3,,0.58,-0.06,0.67,0.85,1.04,0.71,0.87,32.4,18.7,0,0,31,482,613
2020-08,0,176.3,-176.3,,0.56,-1.1,0.74,0.95,1.1,0.71,0.87,33.5,19.6,7,0,31,513,698
2020-09,0,185.7,-185.7,,0.52,,0.59,0.28,0.67,0.7,0.87,34.9,20.8,14,0,30,536,718
2020-10,48,188.6,-140.6,1.32,1.37,1.14,1.2,0.62,0.97,0.88,1.03,36.2,21.9,30,1,24,591,733
2020-11,90,141.4,-51.4,1.45,1.62,1.57,1.69,1.49,1.48,1.13,1.33,32.9,21.7,8,1,11,519,601
2020-12,24,145.3,-121.3,-1.33,-0.61,0.54,0.93,0.45,0.92,1.1,1.38,33.5,21.5,4,0,5,542,618
2021-01,45,133.1,-88.1,-1.41,-1.07,-1.13,-0.33,-0.65,0.15,0.41,0.83,32.7,21.8,7,0,6,536,535
2021-02,105,108.3,-3.3,-0.21,-0.17,-1.81,-1.27,-0.77,0.06,0.25,0.72,31.3,21.5,2,4,7,460,487
2021-03,91,121.6,-30.6,-1.18,-1.05,-1.94,-1.5,-1.35,-0.55,-0.96,-0.02,30.8,20.8,0,3,10,490,602
2021-04,89,121.6,-32.6,-0.01,-0.1,-0.85,-0.73,-1.41,-0.85,-1.21,-0.27,31.3,20.4,0,3,3,476,577
2021-05,6,117.9,-111.9,-0.97,-0.13,-0.93,-0.71,-1.91,-1.21,-1.28,-0.38,31.3,19.3,0,0,16,474,543
2021-06,0,130.7,-130.7,,0.21,-0.35,-0.17,-1.64,-1.05,-1.3,-0.43,32.6,19.4,0,0,30,480,554
2021-07,5,140.5,-135.5,1,1.16,-0.82,0.24,-0.93,-0.52,-1.26,-0.37,32.1,19.3,3,0,26,487,580
2021-08,0,172.6,-172.6,,0.8,-0.06,0.77,-0.93,-0.4,-1.26,-0.35,32.8,19.9,1,0,31,506,659
2021-09,0,184.3,-184.3,,0.6,-0.01,0.94,-0.37,0.15,-1.25,-0.35,35.7,22,26,0,30,566,697
2021-10,15,179.6,-164.6,0.18,0.81,0.03,0.84,-0.6,0.54,-1.45,-0.46,36,22.7,27,0,19,600,717
2021-11,99,133.3,-34.3,1.63,1.81,1.23,1.63,1.19,1.45,-1.37,-0.35,33.8,21.5,14,3,3,528,610
2021-12,103,123.1,-20.1,0.65,1.08,1.2,1.6,1.15,1.58,-0.84,0.08,32.5,21.6,7,4,4,528,561
2022-01,136,108.7,27.3,0.23,0.53,1.04,1.63,0.94,1.71,-0.29,0.4,30.9,20.1,0,4,3,480,525
2022-02,45,114.1,-69.1,-1.41,-1.08,-0.47,0.27,0.05,1.02,-0.61,0.17,32,20.4,0,0,5,453,561
2022-03,172,110.8,61.2,0.11,0.27,-0.7,-0.27,0.03,0.93,-0.23,0.63,31,20.4,0,5,3,486,549
2022-04,112,115.6,-3.6,0.31,0.3,-0.49,-0.38,0.08,0.68,-0.1,0.77,30.8,20.1,0,4,6,463,587
2022-05,54,113.6,-59.6,0.86,1.06,0.34,0.41,-0.11,0.32,0.17,0.94,31.1,19.8,0,2,15,479,530
2022-06,26,107.5,-81.5,1.7,1.96,0.72,0.9,-0.13,0.31,0.31,1.11,30.9,19.1,0,1,19,450,499
2022-07,1,131.5,-130.5,-1.55,1.36,1.22,1.56,-0.13,0.27,0.29,1.1,31.3,18.5,0,0,26,462,534
2022-08,7,172.5,-165.5,1.26,1.2,2.1,1.67,0.52,0.84,0.32,1.12,33.2,19,3,0,26,498,700
2022-09,14,184.9,-170.9,0.84,1.25,1.4,1.39,0.85,1.13,0.4,1.15,35.5,20.4,20,0,22,538,737
2022-10,22,193.2,-171.2,0.5,0.63,1.01,1.1,1.38,1.53,0.43,1.09,36.3,22,28,0,24,594,734
2022-11,141,122.8,18.2,2.35,2.29,2.05,2.14,2.37,2.21,0.63,1.24,31.9,20.8,3,5,4,492,580
2022-12,66,134.3,-68.3,-0.06,0.43,1.32,1.59,1.44,1.69,0.45,1.09,32.3,20.5,2,1,6,508,639
2023-01,126,111.9,14.1,0.1,0.37,0.99,1.57,1.15,1.74,0.39,1.01,30.7,20,0,2,2,476,539
2023-02,116,99.7,16.3,-0.05,0.1,-0.22,0.47,0.77,1.46,0.72,1.34,30.8,20.2,0,5,2,434,488
2023-03,293,109.7,183.3,1.43,1.49,0.82,1.17,1.33,1.74,1.38,1.76,30.4,20.4,1,12,3,477,543
2023-04,60,108.5,-48.5,-0.51,-0.34,0.47,0.64,0.82,1.39,1.12,1.73,30.6,20.2,0,1,5,462,558
2023-05,56,116.6,-60.6,0.9,1.04,0.81,0.88,0.41,0.8,1.09,1.68,31.2,20.4,0,1,13,489,561
2023-06,1,125.3,-124.3,-0.87,0.55,-0.06,0.2,0.5,0.82,0.98,1.53,31.9,19,0,0,19,463,536
2023-07,0,155.5,-155.5,,0.08,0.75,0.79,0.55,0.71,0.97,1.43,33.5,19.1,6,0,31,504,625
2023-08,0,172.8,-172.8,,0.78,-1.1,0.5,0.76,0.85,0.94,1.39,35,20.1,18,0,31,544,667
2023-09,1,199.2,-198.2,-0.78,-0.25,-0.97,0.19,-0.13,0.21,0.88,1.29,36.4,21.4,28,0,28,567,693
2023-10,4,202.9,-198.9,-0.7,-0.26,-0.72,-0.15,0.37,0.44,0.78,1.17,37.9,22,31,0,14,619,744
2023-11,80,164.3,-84.3,1.24,1.16,0.74,0.51,0.62,0.51,0.49,0.8,36.1,22.4,22,4,10,578,658
2023-12,112,159.9,-47.9,0.79,0.74,0.96,0.78,0.88,0.68,0.71,0.89,35.4,22.3,22,4,7,584,626
2024-01,167,129.3,37.7,0.6,0.64,1.23,1.18,1.04,0.92,0.85,0.91,32.6,21.6,2,7,3,530,596
2024-02,274,115,159,1.6,1.61,1.75,1.59,1.85,1.59,1.5,1.44,31.2,21.4,0,7,3,473,531
2024-03,169,117.9,51.1,0.07,0.14,1.35,1.36,1.59,1.46,1.13,1.08,31.3,21.7,0,6,1,512,571
2024-04,178,104.9,73.1,1.05,1.14,1.32,1.35,1.68,1.68,1.66,1.55,31.1,21.4,0,5,3,488,514
2024-05,5,129.7,-124.7,-1.08,-0.51,0.44,0.42,1.32,1.29,1.37,1.3,32,20.2,0,0,15,498,589
2024-06,0,126.6,-126.6,,0.44,0.64,0.66,1.22,1.21,1.37,1.27,32.1,19.3,0,0,30,472,530
2024-07,4,150.3,-146.3,0.56,0.64,-0.97,-0.08,1.08,1.04,1.39,1.28,32.6,18.4,0,0,20,480,608
2024-08,0,180.4,-180.4,,0.29,-0.23,0.48,0.42,0.47,1.38,1.24,34.4,19.5,13,0,31,526,677
2024-09,4,197.8,-193.8,-0.07,0.03,0.37,0.33,0.65,0.62,1.4,1.24,35.7,21,27,0,24,552,720
2024-10,22,195.4,-173.4,0.5,0.56,0.5,0.31,-0.3,0.09,1.45,1.3,36.8,22.1,27,1,14,603,755
2024-11,29,175.8,-146.8,-0.25,-0.16,0.12,0.05,0.04,0.19,1.23,1.07,36.1,22.3,26,1,7,576,699
2024-12,72,161.6,-89.6,0.07,0.06,-0.01,0.02,0.02,0.11,1.04,0.94,35.2,21.9,20,2,9,574,685
2025-01,239,114.9,124.1,1.33,1.43,1.05,1.05,1.06,0.95,1.29,1.19,30.6,21.1,5,7,3,491,536
2025-02,87,129.8,-42.8,-0.51,-0.72,0.59,0.7,0.52,0.54,0.5,0.48,32.2,20.9,0,3,10,463,598
2025-03,119,128.1,-9.1,-0.67,-0.73,0.12,0.18,0.02,0.12,0.28,0.36,31.2,21.2,0,5,4,502,597
2025-04,69,129.6,-60.6,-0.34,-0.53,-0.93,-1.01,-0.24,-0.31,-0.36,-0.23,32.6,20.5,0,2,5,496,611
2025-05,2,141.6,-139.6,-1.56,-0.99,-0.89,-0.93,-0.31,-0.44,-0.35,-0.29,33.5,20,8,0,17,519,573
2025-06,3,135.6,-132.6,-0.26,0.1,-0.67,-0.72,-0.29,-0.39,-0.33,-0.31,33.2,20,9,0,20,499,507
2025-07,0,167.4,-167.4,,-0.78,-1.36,-0.82,-1.06,-1.03,-0.36,-0.39,33.6,20.1,7,0,31,523,620
2025-08,1,180.9,-179.9,-0.87,0.33,-0.23,-0.11,-0.9,-0.82,-0.35,-0.38,34.4,20.6,17,0,19,542,660
2025-09,0,197.9,-197.9,,-0.23,-0.97,-0.27,-0.76,-0.68,-0.37,-0.4,35.4,21.7,21,0,30,556,679
2025-10,15,206.7,-191.7,0.18,-0.01,0.08,-0.14,-0.8,-0.56,-0.4,-0.48,36.4,22.7,28,1,19,606,738
2025-11,55,174.8,-119.8,0.63,0.5,0.45,0.12,0.38,-0.03,-0.24,-0.34,36.5,23.6,26,2,8,602,664
2025-12,122,136.6,-14.6,0.94,1.14,0.91,0.82,0.83,0.58,0.03,-0.01,34.4,22.6,18,3,4,574,562
