data,rain_mm,etp_mm,bal_mm,spi1,spei1,spi3,spei3,spi6,spei6,spi12,spei12,tmax_med,tmin_med,dias_tmax34,dias_chuva10,veranico_max,soma_termica,srad_mj
1980-01,252,130.1,121.9,0.08,-0.05,,,,,,,29.5,19.6,0,7,6,452,636
1980-02,221,114.4,106.6,0.56,0.64,,,,,,,29.9,20.2,0,10,4,436,549
1980-03,105,134,-29,-0.81,-1.02,-0.07,-0.15,,,,,31.9,20.3,0,6,11,500,660
1980-04,108,96.4,11.6,0.78,0.84,0.21,0.18,,,,,29.2,18.8,0,4,14,420,504
1980-05,27,86.1,-59.1,-0.37,-0.56,-0.39,-0.52,,,,,28.4,16.3,0,1,12,382,469
1980-06,47,73,-26,0.77,0.96,0.52,0.46,0.11,0.01,,,25.9,12.9,0,2,10,282,431
1980-07,0,88.1,-88.1,,-0.87,-0.03,-0.09,0.06,0,,,28.2,14.9,0,0,31,358,474
1980-08,6,105.9,-99.9,-0.59,0.01,0.1,0.12,-0.4,-0.49,,,29.5,16.8,0,0,11,409,465
1980-09,84,116,-32,0.83,0.87,0.32,0.36,0.45,0.5,,,28.6,15.6,0,4,12,363,502
1980-10,105,156,-51,0.35,0.09,0.5,0.41,0.23,0.12,,,32.1,19.2,6,4,10,484,665
1980-11,180,143.7,36.3,0.72,0.66,0.87,0.69,0.73,0.53,,,30.8,19.4,0,6,7,453,665
1980-12,205,138.3,66.7,-0.08,-0.12,0.38,0.22,0.36,0.28,0.26,0.23,30.4,20.6,0,8,4,480,659
1981-01,296,117.7,178.3,0.48,0.5,0.5,0.48,0.54,0.53,0.4,0.41,29.7,21,0,12,4,477,566
1981-02,145,134.2,10.8,-0.38,-0.59,-0.02,-0.22,0.4,0.25,0.08,-0.03,32,20.5,1,4,6,455,633
1981-03,186,124.2,61.8,0.53,0.56,0.24,0.19,0.36,0.2,0.47,0.37,31.2,20.5,4,6,5,490,596
1981-04,19,111,-92,-1.61,-1.29,-0.52,-0.76,-0.01,-0.16,0.04,-0.1,29.5,17.2,0,1,17,401,561
1981-05,1,98.3,-97.3,-2.57,-1.82,-0.82,-1.06,-0.48,-0.7,-0.08,-0.26,29,16.2,0,0,20,391,522
1981-06,84,70.7,13.3,1.34,1.52,-0.5,-0.84,-0.06,-0.29,0.1,-0.1,25,13.2,0,4,12,274,409
1981-07,0,93.3,-93.3,,-1.55,0.15,-0.17,-0.54,-0.89,0.1,-0.14,25,11.5,0,0,31,256,477
1981-08,3,119.5,-116.5,-0.93,-0.84,0.71,0.46,-0.4,-0.78,0.08,-0.19,29.6,15,0,0,17,382,514
1981-09,7,143.8,-136.8,-1.37,-1.24,-1.74,-1.58,-1.32,-1.52,-0.28,-0.7,31.9,17.8,7,0,21,446,545
1981-10,211,129,82,1.8,1.71,0.8,0.54,0.58,0.19,0.24,-0.01,29.3,18.2,0,8,5,426,602
1981-11,157,136.5,20.5,0.38,0.42,0.92,0.8,1.06,0.78,0.13,-0.07,30.6,20.4,0,7,4,464,647
1981-12,218,127.3,90.7,0.09,0.2,1.24,1.32,0.48,0.38,0.19,0.06,29.2,19.9,0,9,3,452,605
1982-01,286,121.2,164.8,0.4,0.37,0.36,0.45,0.58,0.56,0.12,-0.03,28.8,19.7,0,10,6,442,587
1982-02,249,126.2,122.8,0.85,0.81,0.62,0.57,1,0.97,0.59,0.43,31,20.8,0,8,7,444,596
1982-03,361,99.3,261.7,2.44,2.11,1.71,1.72,2.15,2.05,1.39,1.29,28.5,20.3,0,12,3,447,500
1982-04,30,108.7,-78.7,-1.09,-1.05,1.68,1.65,1.47,1.52,1.4,1.3,28.5,16.8,0,2,15,380,554
1982-05,54,86.9,-32.9,0.38,0.2,1.57,1.61,1.31,1.39,1.63,1.51,26.5,14.5,0,2,15,325,485
1982-06,25,70.7,-45.7,0.26,0.48,-0.42,-0.61,1.39,1.47,1.39,1.34,26.8,16,0,1,10,343,388
1982-07,13,88.2,-75.2,-0.05,0.23,0.25,0.24,1.59,1.56,1.45,1.42,27.5,14.5,0,0,13,340,483
1982-08,37,105.4,-68.4,0.64,0.95,0.52,0.58,1.46,1.54,1.6,1.58,29.1,16.3,0,1,12,394,510
1982-09,32,131.7,-99.7,-0.22,-0.39,0.2,0.05,-0.33,-0.46,1.68,1.67,30.4,16.9,0,1,21,410,570
1982-10,170,128.9,41.1,1.31,1.36,0.99,0.98,0.79,0.77,1.61,1.57,30,19,0,8,4,450,612
1982-11,153,139,14,0.32,0.31,0.75,0.71,0.8,0.76,1.55,1.51,31.8,20.5,1,5,5,484,651
1982-12,158,110.6,47.4,-0.75,-0.39,0.3,0.68,0.23,0.47,1.3,1.37,28.5,19.7,0,7,3,438,533
1983-01,459,114.1,344.9,1.7,1.82,1.09,1.26,1.22,1.33,1.79,1.7,29.2,20.8,0,11,3,464,565
1983-02,305,114.5,190.5,1.37,1.37,1.52,1.8,1.73,1.82,2.13,2.05,30.7,20.8,0,10,3,441,556
1983-03,248,117.6,130.4,1.3,1.3,2.26,2.13,2.2,2.13,1.76,1.82,29.6,19.4,0,9,4,450,590
1983-04,126,98.6,27.4,1.06,1.15,1.92,1.86,2.19,2.16,2.08,2.03,29.2,18.9,0,5,7,422,517
1983-05,138,81.1,56.9,1.71,1.79,2.08,2.01,2.34,2.38,2.43,2.2,27.8,18.1,0,6,12,402,429
1983-06,31,68,-37,0.42,0.72,1.57,1.78,2.71,2.71,2.45,2.31,25.9,15.3,0,1,23,319,395
1983-07,64,90.9,-26.9,1.68,1.71,1.74,1.7,2.61,2.38,2.65,2.47,28,15.6,0,3,17,366,459
1983-08,0,109.8,-109.8,,-0.46,0.83,0.83,2.03,2.01,2.54,2.31,28.6,14.3,0,0,31,355,555
1983-09,201,94.8,106.2,2.14,2.2,1.99,1.97,2.37,2.36,3.12,2.74,27.1,16.7,0,5,6,357,437
1983-10,181,115.1,65.9,1.45,1.58,2.26,2.21,2.75,2.58,3.35,2.68,28.2,18.3,0,7,4,410,556
1983-11,154,130.6,23.4,0.33,0.47,2.16,2.42,2.25,2.56,3.25,2.62,29.7,19,0,7,6,430,647
1983-12,310,114.8,195.2,1.13,1.29,1.71,1.8,2.5,2.25,3.83,2.81,29.3,19.9,0,12,4,453,553
1984-01,322,150.2,171.8,0.7,0.44,1.19,1.17,1.96,1.9,2.95,2.4,32,20.7,7,6,4,506,714
1984-02,105,142,-37,-1.02,-1.31,0.52,0.25,1.71,1.77,2.44,2.22,33,21,4,5,4,493,674
1984-03,136,127.2,8.8,-0.24,-0.27,-0.17,-0.53,0.84,0.86,2.1,2.06,31.8,20.8,0,7,5,506,598
1984-04,114,94.6,19.4,0.88,0.99,-0.47,-0.67,0.62,0.54,1.99,1.93,28.9,18.6,0,4,7,412,473
1984-05,75,86,-11,0.79,0.73,0.52,0.49,0.66,0.5,1.76,1.72,29.8,17.7,0,2,13,426,467
1984-06,0,80.8,-80.8,,-1.28,0.6,0.48,0.06,-0.32,1.64,1.63,29,15.1,0,0,30,360,447
1984-07,1,97.1,-96.1,-1.6,-2.04,0,-0.37,-0.57,-0.89,1.38,1.42,28.4,14.5,0,0,28,356,458
1984-08,70,93.4,-23.4,1.27,1.64,0.45,0.39,0.53,0.46,1.69,1.69,27.7,15,0,4,15,352,461
1984-09,72,111.1,-39.1,0.64,0.77,0.96,1.05,0.93,1,1.13,1.18,28.8,15.7,0,3,7,368,538
1984-10,53,155.1,-102.1,-0.76,-1,0.5,0.61,0.25,0.15,0.6,0.55,32.6,19.3,5,2,9,494,687
1984-11,155,143.4,11.6,0.35,0.27,0.02,-0.14,0.1,-0.09,0.6,0.5,31.2,20,6,6,11,468,632
1984-12,198,118.8,79.2,-0.17,0.05,-0.46,-0.44,0.12,0.26,0.07,-0.05,29.5,19.8,0,7,8,454,565
1985-01,269,114.5,154.5,0.24,0.27,0.07,0.23,0.22,0.44,-0.19,-0.13,28.9,19.7,0,12,2,444,580
1985-02,136,123.7,12.3,-0.51,-0.56,-0.3,-0.28,-0.36,-0.28,-0.05,0.04,31.5,20.4,0,6,4,447,602
1985-03,187,108.6,78.4,0.54,0.77,0.02,0.15,-0.32,-0.21,0.19,0.34,29.7,20.1,0,8,11,462,547
1985-04,133,102.4,30.6,1.17,1.21,0.39,0.44,0.27,0.46,0.27,0.41,29.3,18.7,0,6,7,419,534
1985-05,13,88.1,-75.1,-1,-1.08,0.6,0.65,0,0.13,-0.02,0.15,27.7,14.7,0,1,20,348,514
1985-06,4,74.1,-70.1,-0.77,-0.53,0.15,-0.06,0.01,0.04,0,0.16,25.4,11.4,0,0,26,254,452
1985-07,6,92.3,-86.3,-0.62,-0.67,-1.28,-1.36,-0.17,-0.21,0.02,0.2,26.1,11.2,0,0,25,269,516
1985-08,3,119,-116,-0.93,-0.81,-1.21,-1.32,0.1,-0.03,-0.31,-0.23,30,15.5,0,0,22,396,530
1985-09,8,135.3,-127.3,-1.29,-1.02,-1.35,-1.3,-0.6,-0.85,-0.62,-0.65,31.4,17.3,7,0,23,430,572
1985-10,27,158.3,-131.3,-1.66,-1.72,-2.48,-2.02,-2.9,-2.14,-0.8,-0.82,32.9,19.1,10,0,9,497,672
1985-11,238,142.3,95.7,1.47,1.39,-0.06,-0.48,-0.55,-0.96,-0.33,-0.34,31.2,19.5,5,9,6,462,683
1985-12,96,149.5,-53.5,-1.91,-1.83,-0.96,-1.32,-1.4,-1.68,-0.87,-1.02,31.1,19.9,2,3,10,480,726
1986-01,140,141.8,-1.8,-1.22,-1.21,-1.12,-1.25,-1.75,-1.83,-1.44,-1.58,31.3,20.9,0,4,4,499,676
1986-02,156,110.4,45.6,-0.23,-0.09,-1.91,-1.57,-1.8,-1.74,-1.42,-1.51,30.4,20.6,0,5,2,434,538
1986-03,207,118.6,88.4,0.81,0.89,-0.58,-0.61,-1.14,-1.31,-1.37,-1.52,30.5,20.3,0,5,4,478,580
1986-04,39,112.8,-73.8,-0.77,-0.95,-0.05,-0.07,-0.97,-1.11,-1.87,-1.92,30.8,19.3,0,3,14,450,562
1986-05,108,81,27,1.32,1.41,0.79,0.73,-1.12,-1.18,-1.34,-1.58,28.3,17.3,0,5,11,396,437
1986-06,0,80.8,-80.8,,-1.28,0.11,-0.23,-0.56,-0.7,-1.36,-1.58,27.2,13.7,0,0,30,313,470
1986-07,52,80.1,-28.1,1.39,1.7,1.08,1.13,0.46,0.47,-1.11,-1.35,25.7,13,0,2,16,291,449
1986-08,110,87.4,22.6,1.82,2.05,1.64,1.75,1.44,1.5,-0.55,-0.72,27,15.5,0,4,13,348,453
1986-09,13,126.9,-113.9,-0.96,-0.71,1.27,1.39,0.86,0.88,-0.51,-0.62,29.1,16.1,2,0,17,377,552
1986-10,42,148.9,-106.9,-1.09,-1.12,0.12,0.24,0.74,0.78,-0.46,-0.5,31.3,17.9,8,1,8,452,686
1986-11,76,147.9,-71.9,-1.19,-1.31,-1.97,-1.65,-0.48,-0.51,-1.31,-1.33,31.8,20.2,8,3,15,480,641
1986-12,333,112.7,220.3,1.36,1.49,0.01,0.12,0.7,0.87,-0.06,0.08,29.4,20.5,0,13,4,463,534
1987-01,274,125.4,148.6,0.29,0.21,0.51,0.59,0.39,0.53,0.51,0.65,30.1,20.9,2,9,3,481,605
1987-02,175,108.6,66.4,0.02,0.18,0.78,0.93,-0.18,-0.13,0.63,0.76,30,20,0,6,2,419,527
1987-03,92,125.1,-33.1,-1.09,-1.11,-0.31,-0.27,-0.35,-0.27,0.11,0.21,30.5,19.4,0,4,11,463,624
1987-04,26,101.1,-75.1,-1.26,-0.98,-1.09,-0.95,-0.34,-0.21,0.05,0.23,29.9,19.3,0,0,15,438,509
1987-05,76,78,-2,0.81,0.91,-0.98,-0.88,0.21,0.38,-0.11,0.13,26.6,16.2,0,2,6,353,423
1987-06,9,70,-61,-0.37,-0.07,-0.39,-0.37,-0.54,-0.48,-0.06,0.19,26.1,13.9,0,0,15,300,404
1987-07,11,97.1,-86.1,-0.18,-0.65,0.31,0.32,-0.95,-0.85,-0.26,-0.1,29.6,16,0,0,19,397,507
1987-08,5,112.6,-107.6,-0.69,-0.35,-0.66,-0.83,-1.22,-1.11,-0.81,-0.74,29.1,14.5,5,0,24,366,559
1987-09,83,119.4,-36.4,0.82,0.81,0.44,0.23,-0.13,-0.16,-0.43,-0.34,29.2,17.1,3,3,6,394,511
1987-10,92,143.6,-51.6,0.12,0.08,0.31,0.27,0.3,0.22,-0.19,-0.02,31.9,19.7,8,4,16,490,648
1987-11,242,146.2,95.8,1.52,1.39,1.27,1.17,0.9,0.65,0.62,0.76,31.4,20.2,5,7,5,474,679
1987-12,174,136.5,37.5,-0.51,-0.53,0.55,0.5,0.56,0.41,-0.14,-0.07,30.7,21,0,8,5,490,656
1988-01,182,149.3,32.7,-0.67,-0.91,-0.1,-0.35,0,-0.16,-0.56,-0.6,31.9,21.5,3,7,2,518,707
1988-02,214,107.9,106.1,0.48,0.64,-0.52,-0.69,0.25,0.11,-0.41,-0.5,30,21,0,9,3,449,523
1988-03,153,127.4,25.6,0.04,0.02,-0.26,-0.39,0.02,-0.13,-0.12,-0.27,30.9,20.4,0,3,12,486,631
1988-04,116,97.4,18.6,0.91,0.98,0.6,0.67,0.29,0.16,0.31,0.22,29.8,19.7,0,3,5,444,492
1988-05,53,82.7,-29.7,0.35,0.28,0.49,0.46,-0.25,-0.36,0.21,0.12,28.1,17.2,0,2,10,391,462
1988-06,6,75.4,-69.4,-0.58,-0.49,0.44,0.37,-0.1,-0.24,0.19,0.04,26,13.3,0,0,22,290,430
1988-07,0,87.3,-87.3,,-0.77,-0.31,-0.34,0.32,0.37,0.14,0.03,25.4,11.7,0,0,31,266,504
1988-08,0,125,-125,,-1.43,-1.75,-1.58,-0.06,-0.29,0.12,-0.03,30.2,15.3,1,0,31,394,598
1988-09,5,146.2,-141.2,-1.58,-1.35,-2.2,-1.7,-0.45,-0.76,-0.25,-0.55,33,18.6,13,0,16,473,570
1988-10,128,130.7,-2.7,0.73,0.86,-0.34,-0.66,-0.61,-0.83,-0.09,-0.28,29.9,18.4,2,6,6,438,560
1988-11,67,144.3,-77.3,-1.43,-1.42,-0.92,-1.04,-1.52,-1.43,-0.98,-1.15,30,18.7,3,2,8,431,661
1988-12,149,145,4,-0.9,-1.02,-1.16,-1.17,-1.7,-1.76,-1.14,-1.32,31.1,20.5,3,7,7,490,654
1989-01,244,123.3,120.7,0,-0.06,-1.24,-1.2,-1.16,-1.25,-0.71,-0.76,29.4,20.2,0,10,3,458,595
1989-02,348,106.4,241.6,1.73,1.7,0.55,0.49,-0.02,-0.12,-0.1,-0.22,29.2,20.1,0,11,1,411,524
1989-03,121,120.2,0.8,-0.5,-0.42,0.75,0.86,0.02,0.11,-0.27,-0.39,29.9,19.8,0,5,6,460,601
1989-04,23,108.4,-85.4,-1.4,-1.17,0.67,0.72,-0.49,-0.51,-0.73,-0.85,30.7,19.3,0,0,11,450,548
1989-05,29,88.6,-59.6,-0.3,-0.58,-1.28,-1.23,-0.12,-0.19,-0.86,-1,26.6,14.7,0,0,24,330,514
1989-06,74,65.4,8.6,1.2,1.47,-0.17,-0.35,0.55,0.61,-0.51,-0.63,25.4,13.8,0,2,11,288,392
1989-07,63,81.2,-18.2,1.66,1.84,1.14,1.25,1.12,1.2,-0.19,-0.31,25.6,12.7,0,2,28,284,469
1989-08,20,112.7,-92.7,0.14,0.28,1.59,1.62,-0.04,-0.1,-0.1,-0.12,28.3,14.8,0,1,25,358,568
1989-09,51,109.5,-58.5,0.25,0.44,0.86,0.94,0.34,0.4,0.13,0.27,28.1,16.4,1,2,8,368,558
1989-10,58,151.9,-93.9,-0.63,-0.81,-0.4,-0.35,0.48,0.49,-0.22,-0.13,30.7,16.7,4,3,9,425,706
1989-11,130,126.9,3.1,-0.06,0.13,-0.44,-0.34,0.51,0.6,0.11,0.28,29.4,18.7,1,7,6,421,619
1989-12,403,126.2,276.8,1.99,1.87,1.28,1.28,1.37,1.37,1.29,1.35,29.3,20,0,10,6,454,599
1990-01,311,138.3,172.7,0.61,0.44,1.55,1.5,1.04,1.04,1.39,1.35,31.1,21,1,12,3,498,659
1990-02,137,121.6,15.4,-0.5,-0.52,1.15,1.11,0.8,0.83,0.59,0.64,31.4,20.4,0,7,7,444,578
1990-03,293,123.2,169.8,1.79,1.6,0.91,0.83,1.45,1.37,1.37,1.36,31.2,20.2,2,10,4,486,608
1990-04,109,106.9,2.1,0.79,0.64,1.01,0.94,1.88,1.75,1.68,1.6,30.6,19.8,0,4,10,456,543
1990-05,67,80.1,-13.1,0.64,0.68,1.76,1.67,1.86,1.78,1.86,1.73,26.2,15,0,2,13,328,464
1990-06,2,77.4,-75.4,-1.06,-0.87,0.48,0.3,0.97,0.86,1.57,1.51,26.1,13.8,0,0,20,298,438
1990-07,15,89.6,-74.6,0.07,0.26,0.13,0.09,0.89,0.8,1.37,1.33,25.5,13.6,0,0,13,296,455
1990-08,109,106.1,2.9,1.81,1.89,1.24,1.18,1.96,1.85,1.75,1.65,26.9,15,0,6,16,340,488
1990-09,36,115.4,-79.4,-0.11,0.04,1.13,1.12,0.98,0.95,1.67,1.56,27.7,15.2,0,1,10,343,546
1990-10,62,145.8,-83.8,-0.53,-0.58,0.64,0.66,0.44,0.41,1.79,1.61,31.4,19.5,4,2,10,480,642
1990-11,92,147.5,-55.5,-0.81,-0.98,-1.06,-1.02,-0.24,-0.4,1.58,1.4,32.2,21.2,3,3,5,501,670
1990-12,141,150.1,-9.1,-1.03,-1.21,-1.77,-2,-0.67,-0.74,0.42,0.3,31.5,20.9,5,3,5,502,682
1991-01,361,120.9,240.1,1.01,1.05,-0.13,-0.28,0.13,0.09,0.57,0.51,29.6,20.4,0,13,3,465,573
1991-02,257,117.3,139.7,0.93,0.96,0.65,0.52,0.03,-0.08,1.12,1.02,30.3,20.2,0,11,8,428,567
1991-03,244,100.6,143.4,1.26,1.4,1.54,1.62,0.57,0.59,0.95,0.96,28.6,20,0,12,4,443,475
1991-04,159,102,57,1.52,1.67,1.81,1.82,1.23,1.23,1.14,1.15,28.8,18.5,0,6,5,410,523
1991-05,44,91.2,-47.2,0.14,-0.2,1.59,1.63,1.35,1.37,1.05,1.04,27.1,15.6,0,1,10,351,508
1991-06,9,83.8,-74.8,-0.37,-0.82,0.84,0.57,1.71,1.77,1.08,1.04,26.8,15.3,0,0,21,332,440
1991-07,8,90.8,-82.8,-0.42,-0.34,-0.27,-0.73,1.52,1.47,1.06,1.02,26.6,14,0,0,18,320,470
1991-08,0,130.8,-130.8,,-1.93,-0.99,-1.78,1.06,0.85,0.58,0.46,29.6,16.4,0,0,31,404,529
1991-09,46,133.9,-88,0.14,-0.13,-0.28,-0.85,0.4,-0.14,0.62,0.4,30.4,17,0,2,18,412,500
1991-10,59,136.7,-77.7,-0.6,-0.45,-0.8,-1.02,-0.94,-1.26,0.64,0.49,30.2,19.1,2,2,12,454,601
1991-11,96,150.8,-54.8,-0.73,-0.97,-0.91,-1.03,-1.36,-1.47,0.65,0.49,31.7,19.9,4,4,7,474,658
1991-12,312,129.2,182.8,1.15,1.19,0.16,0.21,-0.11,-0.36,1.42,1.23,30.5,20.6,0,11,4,484,607
1992-01,156,120.7,35.3,-0.99,-0.88,-0.37,-0.37,-0.66,-0.75,0.43,0.36,30.4,21,0,6,5,487,579
1992-02,278,117.9,160.1,1.13,1.14,0.58,0.57,0.02,-0.05,0.55,0.44,29.9,20.3,0,6,6,438,581
1992-03,189,109.7,79.3,0.57,0.78,0.22,0.34,0.21,0.32,0.31,0.13,29.6,20.1,0,8,6,460,528
1992-04,98,91,7,0.61,0.74,1.19,1.32,0.56,0.7,0.02,-0.09,28.7,18.6,0,4,11,410,474
1992-05,74,84.6,-10.6,0.78,0.73,0.86,1.03,0.88,1.04,0.16,0.12,27.8,17.2,0,3,13,387,471
1992-06,1,80,-79,-1.32,-1.13,0.42,0.35,0.31,0.41,0.13,0.07,28,16.1,0,0,27,361,441
1992-07,8,86.1,-78.1,-0.42,0.03,0.12,0.01,1.06,1.15,0.13,0.08,26.8,14.4,0,0,22,328,454
1992-08,15,103.7,-88.7,-0.05,0.42,-0.7,-0.61,0.44,0.57,0.2,0.32,28.1,15.5,0,0,18,366,480
1992-09,98,93.2,4.8,1.03,1.35,0.71,1.02,0.63,0.89,0.44,0.72,26.1,16.8,0,3,4,343,460
1992-10,153,122.4,30.6,1.09,1.25,1.26,1.56,0.94,1.22,0.92,1.2,29.7,19.5,0,7,4,452,571
1992-11,112,122.1,-10.1,-0.4,-0.11,0.82,1.31,0.43,0.87,0.97,1.32,29.3,19.4,0,5,6,432,570
1992-12,150,148.5,1.5,-0.88,-1.05,-0.36,-0.08,0.01,0.47,0.22,0.65,30.3,19.9,0,8,4,468,715
1993-01,162,134.1,27.9,-0.92,-0.95,-1.57,-1.39,-0.53,-0.19,0.21,0.53,31.1,20.5,3,6,3,490,630
1993-02,269,90.3,178.7,1.04,1.28,-0.45,-0.51,0,0.38,0.18,0.62,28.3,19.9,0,8,1,395,436
1993-03,99,122.6,-23.6,-0.94,-0.91,-0.39,-0.26,-0.63,-0.38,-0.26,0.14,31.3,20.5,3,3,6,492,589
1993-04,170,106,64,1.66,1.79,1,1.15,-0.42,-0.31,0.09,0.43,29.9,18.7,0,4,9,429,557
1993-05,37,90.8,-53.8,-0.05,-0.4,0.33,0.17,-0.28,-0.34,-0.08,0.26,27.7,16,0,1,14,366,480
1993-06,53,72.4,-19.4,0.87,1.08,1.28,1.22,0.28,0.3,0.17,0.51,26,14.5,0,1,12,306,419
1993-07,0,89.4,-89.4,,-1.01,0.22,0.1,0.92,1.01,0.13,0.45,27.4,14.5,0,0,31,339,455
1993-08,34,100.2,-66.2,0.56,1,0.71,0.81,0.51,0.41,0.22,0.59,27.7,14.8,1,1,13,350,479
1993-09,88,103.8,-15.8,0.89,1.1,0.73,0.92,1.29,1.34,0.18,0.47,29,18,1,4,6,405,467
1993-10,90,142.6,-52.5,0.08,0.06,0.7,0.91,0.54,0.64,-0.13,0.13,31.4,19.8,2,3,9,483,644
1993-11,129,166,-37,-0.08,-0.62,0.29,0.11,0.49,0.35,-0.03,0.01,33.1,21.1,9,4,7,512,721
1993-12,280,123.2,156.8,0.82,0.95,0.47,0.37,0.66,0.71,0.59,0.72,29.9,20.6,1,10,2,474,558
1994-01,297,112.3,184.7,0.49,0.56,0.67,0.64,0.77,0.87,1.06,1.15,29.2,20.4,0,10,2,460,537
1994-02,168,132.1,35.9,-0.07,-0.23,0.57,0.56,0.6,0.6,0.7,0.7,32.8,21.4,6,5,4,479,627
1994-03,143,114.2,28.8,-0.12,0.07,0.13,0.18,0.3,0.27,0.92,0.95,29.9,20.1,0,6,5,466,555
1994-04,51,107.1,-56.1,-0.41,-0.61,-0.41,-0.52,0.21,0.14,0.37,0.42,30,19,0,1,7,435,550
1994-05,24,93.3,-69.3,-0.48,-0.89,-0.66,-0.73,0.14,0.14,0.31,0.39,28.6,17.1,0,0,12,399,479
1994-06,13,82.3,-69.3,-0.16,-0.48,-0.77,-1.06,-0.27,-0.41,0.13,0.11,27.2,14.2,0,0,22,320,432
1994-07,14,101.1,-87.1,0.01,-0.76,-0.47,-1.22,-0.73,-1.04,0.19,0.12,27.6,14.2,0,0,13,338,489
1994-08,0,131.6,-131.6,,-2.01,-0.59,-1.77,-0.91,-1.26,0.03,-0.18,30.3,15.2,4,0,31,394,580
1994-09,0,162.1,-162.1,,-1.86,-1.5,-2.15,-1.52,-1.93,-0.39,-0.88,33.7,18.3,12,0,30,480,613
1994-10,88,162.8,-74.8,0.04,-0.39,-1.13,-1.95,-1.33,-2.04,-0.43,-1.05,33.5,20.7,13,4,20,531,610
1994-11,77,147.1,-70.1,-1.17,-1.27,-1.42,-1.76,-1.72,-1.97,-0.67,-1.16,31.4,20.3,6,3,7,476,635
1994-12,231,139.5,91.5,0.26,0.21,-0.56,-0.91,-1.08,-1.79,-0.95,-1.49,31.2,21,0,10,2,498,638
1995-01,254,139.2,114.8,0.1,-0.12,-0.38,-0.57,-0.78,-1.31,-1.07,-1.6,31.4,21.4,3,9,3,509,640
1995-02,404,103,301,2.16,2.01,1.35,1.37,0.61,0.2,0.04,-0.51,29.5,20.9,2,12,6,425,507
1995-03,94,128.2,-34.2,-1.04,-1.14,0.97,0.96,0.52,0.34,-0.2,-0.86,31.7,20.3,0,3,6,496,622
1995-04,95,99.5,-4.5,0.55,0.5,1.38,1.41,0.7,0.64,0.01,-0.59,29,17.9,0,2,9,402,519
1995-05,43,79.2,-36.2,0.11,0.11,-0.49,-0.5,0.95,0.94,0.11,-0.41,27.5,15.8,0,2,14,360,455
1995-06,14,77.2,-63.1,-0.12,-0.17,0.17,0.08,0.89,0.9,0.11,-0.41,27.2,14.4,0,0,17,325,429
1995-07,19,88.4,-69.4,0.28,0.55,0,-0.01,1.19,1.24,0.13,-0.34,28.4,16.4,0,0,20,384,448
1995-08,0,126.6,-126.6,,-1.55,-0.4,-0.95,-0.69,-0.86,0.13,-0.29,32.5,17.5,6,0,31,464,587
1995-09,40,131.4,-91.4,0,-0.21,-0.18,-0.62,-0.12,-0.37,0.33,0.06,31.5,17.6,7,2,18,436,522
1995-10,81,136.3,-55.3,-0.1,0.01,-0.53,-0.72,-0.55,-0.7,0.31,0.21,30,18.4,6,4,8,441,613
1995-11,57,145,-88,-1.73,-1.63,-1.23,-1.16,-1.45,-1.37,0.22,0.13,30.9,19.2,5,1,7,452,663
1995-12,284,141.4,142.6,0.86,0.8,-0.29,-0.32,-0.44,-0.65,0.47,0.38,31,20.4,2,9,3,487,661
1996-01,220,131.9,88.1,-0.24,-0.38,-0.39,-0.53,-0.58,-0.74,0.26,0.2,31.3,21.3,4,10,2,504,621
1996-02,115,127.2,-12.2,-0.84,-0.93,-0.2,-0.44,-0.9,-1.01,-1.15,-1.26,31.9,21.6,0,3,4,486,590
1996-03,145,115.2,29.8,-0.09,0.09,-0.75,-0.78,-0.9,-0.97,-0.92,-1.04,30.7,21,0,6,2,492,567
1996-04,122,110.4,11.6,1,0.84,-0.23,-0.34,-0.54,-0.71,-0.75,-0.94,30.5,18.8,0,5,12,438,557
1996-05,74,81.4,-7.4,0.78,0.8,0.67,0.65,0.13,-0.02,-0.6,-0.81,27.2,16.1,0,2,9,361,471
1996-06,33,75.1,-42.1,0.47,0.59,1,0.9,-0.19,-0.34,-0.5,-0.72,26.1,13.7,0,1,22,298,434
1996-07,0,86.9,-86.9,,-0.73,0.46,0.5,-0.09,-0.19,-0.6,-0.82,27.3,12.5,0,0,31,306,493
1996-08,8,115.8,-107.8,-0.44,-0.36,-0.18,-0.39,0.42,0.29,-0.56,-0.73,30.1,16.1,0,0,15,406,548
1996-09,91,116.2,-25.2,0.93,0.97,0.44,0.36,0.9,0.79,-0.29,-0.38,29,17.5,1,3,10,398,540
1996-10,108,140.7,-32.6,0.41,0.42,0.64,0.6,0.65,0.6,-0.17,-0.24,31.7,19.5,3,4,5,484,638
1996-11,163,126.6,36.4,0.47,0.66,0.81,0.92,0.57,0.55,0.37,0.39,29.9,20,2,8,9,448,591
1996-12,190,120.9,69.1,-0.28,-0.09,0.11,0.42,0.2,0.42,-0.09,0.05,30.7,21.2,0,5,2,494,562
1997-01,358,107.4,250.6,0.99,1.13,0.7,0.97,0.77,0.96,0.5,0.67,29.3,20.9,0,13,3,468,515
1997-02,65,124.5,-59.5,-1.86,-1.66,-0.24,-0.19,0.18,0.41,0.31,0.5,31.5,20.9,1,2,7,453,600
1997-03,125,124.2,0.8,-0.43,-0.42,-0.27,-0.2,-0.25,-0.02,0.22,0.36,30.5,19.5,0,6,12,465,617
1997-04,68,107.6,-39.6,0.01,-0.26,-1.48,-1.41,-0.38,-0.19,-0.04,0.14,29.7,17.5,0,3,14,408,555
1997-05,45,82.3,-37.3,0.16,0.08,-0.41,-0.51,-0.48,-0.4,-0.18,0.03,27.1,15.8,0,2,19,354,462
1997-06,179,66.4,112.6,2.31,2.2,1.55,1.67,0.55,0.61,0.51,0.71,25.6,13.9,0,6,13,292,410
1997-07,7,84,-77,-0.51,0.11,1.72,1.73,-0.09,-0.13,0.54,0.76,28,14.7,0,0,21,352,479
1997-08,0,115,-115,,-0.75,1.88,1.81,0.76,0.69,0.51,0.75,30.4,15.2,0,0,31,396,573
1997-09,37,127.3,-90.3,-0.08,-0.18,-0.5,-0.54,0.96,0.88,0.26,0.44,32.9,18.7,9,1,20,474,569
1997-10,79,147.2,-68.2,-0.14,-0.25,-0.61,-0.72,0.93,0.82,0.13,0.34,32.1,19.9,12,3,8,496,635
1997-11,273,124,149,1.87,1.87,1.04,1.02,1.88,1.87,0.66,0.83,32.1,21.4,8,10,4,502,568
1997-12,125,143.1,-18,-1.32,-1.33,0.26,0.33,-0.11,-0.11,0.36,0.46,31.8,21.4,6,6,7,515,667
1998-01,160,146.4,13.6,-0.94,-1.08,-0.41,-0.51,-0.63,-0.73,-0.58,-0.64,32.7,21.8,6,6,2,535,676
1998-02,242,111.2,130.8,0.78,0.88,-0.83,-0.95,-0.16,-0.28,0.23,0.17,32,22.2,3,8,3,478,520
1998-03,198,122.3,75.7,0.69,0.74,0.07,-0.01,0.14,0.08,0.58,0.5,31.8,21.3,3,8,6,514,592
1998-04,59,108.6,-49.6,-0.2,-0.47,0.72,0.72,0.15,0.08,0.52,0.47,30.5,18.9,2,2,6,441,552
1998-05,77,77.5,-0.5,0.83,0.94,0.61,0.57,-0.42,-0.57,0.67,0.66,26.6,15.3,0,2,9,340,441
1998-06,4,69.6,-65.6,-0.77,-0.29,0.02,-0.08,-0.01,-0.12,-0.14,-0.21,26.6,14.3,0,0,16,314,418
1998-07,0,91.1,-91.1,,-1.24,0.08,0.19,0.59,0.63,-0.18,-0.29,29.2,14,0,0,31,360,499
1998-08,84,98.6,-14.6,1.48,1.73,0.72,0.86,0.74,0.77,0.23,0.24,29.3,17,0,3,18,408,480
1998-09,44,117,-73,0.09,0.17,0.79,0.85,0.41,0.5,0.26,0.31,30.1,18.1,2,2,9,423,514
1998-10,163,129.8,33.1,1.22,1.28,1.5,1.55,1.13,1.28,0.69,0.82,30,19,1,8,5,449,607
1998-11,89,143.4,-54.4,-0.88,-0.96,0.18,0.22,0.4,0.48,-0.21,-0.13,31.3,19.2,3,3,7,458,683
1998-12,297,125.7,171.3,1,1.08,0.92,1.04,1.05,1.15,0.62,0.75,30.7,21,1,11,2,491,587
1999-01,273,125.2,147.8,0.28,0.2,0.34,0.37,0.93,1.05,1,1.1,31.2,21.4,5,8,7,506,588
1999-02,199,117.2,81.8,0.31,0.37,0.71,0.71,0.67,0.78,0.88,1.01,31.6,21.3,5,6,2,460,554
1999-03,89,122.8,-33.8,-1.16,-1.13,-0.18,-0.18,0.32,0.44,0.42,0.57,31.5,20.9,2,3,4,502,595
1999-04,109,111.7,-2.7,0.79,0.54,-0.1,-0.2,0.14,0.13,0.63,0.78,30.4,17.5,1,5,13,420,572
1999-05,28,89.8,-61.8,-0.33,-0.65,-0.56,-0.75,0.31,0.26,0.41,0.55,27.2,14.2,0,1,19,330,492
1999-06,26,75.7,-49.6,0.29,0.36,0.31,-0.06,-0.1,-0.25,0.52,0.59,27.4,14.2,0,1,19,324,422
1999-07,17,89.6,-72.6,0.18,0.38,-0.08,-0.3,-0.26,-0.44,0.59,0.68,29.1,15.8,0,1,22,386,478
1999-08,0,120.3,-120.3,,-1.08,-0.13,-0.52,-0.65,-0.92,0.21,0.21,30.4,15.1,3,0,31,394,563
1999-09,57,135.2,-78.2,0.37,0.07,0.08,-0.36,0.13,-0.32,0.27,0.17,31.1,17.8,7,1,12,434,586
1999-10,61,146.4,-85.4,-0.55,-0.62,-0.58,-0.86,-0.65,-0.95,-0.23,-0.39,31.8,18.3,6,3,9,466,665
1999-11,89,145.9,-56.9,-0.88,-1.01,-0.83,-1.03,-0.96,-1.16,-0.21,-0.37,31,18.4,2,2,11,442,681
1999-12,211,134.3,76.7,0,0.01,-0.96,-1.05,-0.85,-1.04,-0.66,-0.85,31.2,20.8,2,6,7,496,602
2000-01,308,129,179,0.59,0.5,-0.03,-0.11,-0.31,-0.48,-0.43,-0.61,30.8,21.3,0,10,5,497,617
2000-02,351,111.9,239.1,1.76,1.68,1.25,1.3,0.73,0.61,0.26,0.04,30.3,21.3,0,14,6,458,542
2000-03,188,109.4,78.6,0.55,0.77,1.47,1.51,0.84,0.87,0.72,0.55,30.1,21.1,0,8,3,482,538
2000-04,0,113.8,-113.8,,-1.64,1.01,1.05,0.66,0.66,0.21,0.04,30.7,18.7,0,0,30,440,592
2000-05,2,90.2,-88.2,-2.21,-1.51,-1.03,-1.02,0.65,0.63,0.09,-0.05,28.7,15.7,0,0,27,378,504
2000-06,0,84.3,-84.3,,-1.61,-4.71,-1.98,0.6,0.51,-0.03,-0.26,29.2,15.7,0,0,30,373,436
2000-07,35,85.2,-50.1,0.91,1.24,-0.82,-1.14,0.56,0.49,0.05,-0.16,26.8,12.2,0,1,13,295,451
2000-08,45,109,-64,0.81,1.04,0.6,0.42,-0.64,-0.76,0.27,0.15,29.9,16.5,2,1,10,410,523
2000-09,113,114.2,-1.2,1.23,1.28,1.43,1.42,-0.29,-0.47,0.53,0.49,29.1,18.3,0,4,13,410,538
2000-10,47,161.7,-114.7,-0.94,-1.31,0.62,0.45,-0.04,-0.32,0.49,0.42,34.8,21.3,18,2,18,560,687
2000-11,199,127.7,71.3,0.98,1.12,0.78,0.71,0.87,0.68,0.99,0.95,31.3,20.6,1,8,4,478,580
2000-12,175,130.5,44.5,-0.49,-0.43,-0.3,-0.3,0.61,0.64,0.83,0.83,30.7,21,0,6,6,491,618
2001-01,129,140.3,-11.3,-1.38,-1.29,-0.86,-0.81,-0.42,-0.42,-0.03,-0.04,31.7,21.2,1,5,9,510,666
2001-02,60,121.5,-61.5,-1.99,-1.69,-2.16,-1.64,-1.39,-1.29,-1.52,-1.44,32.1,21.8,4,1,4,474,568
2001-03,156,129.3,26.7,0.09,0.04,-1.86,-1.74,-1.8,-1.78,-1.78,-1.69,32,21.4,1,6,5,518,621
2001-04,58,113.2,-55.2,-0.23,-0.59,-1.3,-1.34,-1.65,-1.57,-1.4,-1.46,32.2,20,0,2,10,483,559
2001-05,88,81,7,1.01,1.08,0.29,0.09,-1.65,-1.55,-0.94,-1.06,27.2,15.7,0,3,12,354,442
2001-06,4,73.7,-69.7,-0.77,-0.51,0.15,-0.11,-1.64,-1.56,-0.92,-0.99,26.7,14.6,0,0,26,320,412
2001-07,5,88.3,-83.3,-0.74,-0.38,0.32,0.36,-1.12,-1.18,-1.09,-1.16,29,15,0,0,12,372,457
2001-08,36,118.3,-82.3,0.61,0.61,-0.08,-0.35,0.11,-0.19,-1.15,-1.27,30.1,16.5,0,1,22,412,560
2001-09,40,127.4,-87.4,0,-0.12,0.19,-0.09,0.08,-0.18,-1.52,-1.58,30.9,18.3,5,1,13,438,567
2001-10,169,137.6,31.4,1.3,1.26,1.05,0.87,0.89,0.74,-0.91,-0.99,30.8,19.1,2,6,9,464,656
2001-11,152,130,22,0.3,0.44,0.8,0.81,0.6,0.45,-1.13,-1.19,31.2,21.2,3,6,4,487,611
2001-12,334,127.6,206.4,1.37,1.39,1.79,1.68,1.45,1.32,-0.29,-0.34,29.9,20.5,0,13,4,470,610
2002-01,361,125.6,235.4,1.01,1.01,1.56,1.56,1.61,1.5,0.73,0.7,30.6,20.8,2,11,4,486,593
2002-02,322,102.1,219.9,1.52,1.57,1.98,2.22,2.2,2.15,1.85,1.71,29.4,20.5,0,11,2,420,504
2002-03,140,136.1,3.9,-0.17,-0.36,1.35,1.34,2.14,1.98,1.86,1.75,32.4,21.6,2,2,4,527,658
2002-04,13,127.7,-114.7,-1.99,-1.66,0.54,0.34,1.58,1.48,1.63,1.49,33.6,20.3,2,1,22,508,627
2002-05,23,91.9,-68.9,-0.52,-0.88,-1.23,-1.58,1.29,1.18,1.38,1.24,29.5,17.4,0,1,11,417,494
2002-06,0,86.6,-86.6,,-1.86,-2.02,-1.83,0.66,0.39,1.36,1.18,30.5,16.3,0,0,30,402,473
2002-07,11,82.3,-71.3,-0.18,0.45,-0.9,-1.25,0.07,-0.27,1.39,1.24,27.2,14,0,0,12,329,452
2002-08,27,119.3,-92.3,0.37,0.3,-0.26,-0.72,-1.28,-1.6,1.37,1.21,31.7,18.4,2,1,25,466,542
2002-09,118,111.1,6.9,1.29,1.37,1.09,1.07,-0.32,-0.7,1.67,1.51,28.9,16.9,1,4,8,387,531
2002-10,40,164.1,-124.1,-1.16,-1.54,0.38,0.1,-0.29,-0.65,1.21,1.01,35.6,22,23,2,11,582,684
2002-11,187,135.1,51.9,0.82,0.88,0.65,0.51,0.39,0.04,1.33,1.09,31.8,21.1,6,8,5,494,592
2002-12,192,142.3,49.7,-0.25,-0.36,-0.32,-0.56,0.32,0.19,0.7,0.47,32.1,21.6,5,8,3,522,657
2003-01,419,111,308,1.43,1.57,1.26,1.28,1.09,1.01,0.85,0.67,29.4,21.5,0,16,3,479,531
2003-02,130,129.7,0.3,-0.6,-0.74,0.55,0.44,0.78,0.71,0.04,-0.29,31.9,21.3,3,5,5,465,618
2003-03,199,118.1,80.9,0.7,0.8,0.95,1,0.62,0.55,0.33,0.04,30.3,20.2,1,7,4,473,577
2003-04,104,100.3,3.7,0.71,0.68,0.2,0.14,1.11,1.13,0.73,0.61,29.8,18.6,0,5,9,426,520
2003-05,42,87.7,-45.7,0.09,-0.16,0.71,0.7,0.78,0.76,0.82,0.74,27.1,14.8,0,2,17,340,507
2003-06,17,83.1,-66.1,0,-0.31,0.31,0.02,0.93,0.91,0.9,0.81,28.8,16.1,0,1,24,374,473
2003-07,13,93.3,-80.3,-0.05,-0.13,-0.07,-0.46,0.04,-0.19,0.91,0.77,28.3,15.4,0,1,17,368,481
2003-08,9,107,-98,-0.37,0.08,-0.23,-0.57,0.43,0.26,0.83,0.77,28.2,14.1,0,0,9,344,539
2003-09,8,122.3,-114.3,-1.29,-0.72,-0.87,-0.7,-0.31,-0.46,0.33,0.2,30.7,17,4,0,16,416,573
2003-10,53,128.6,-75.6,-0.76,-0.4,-1.53,-0.91,-1.29,-1.06,0.42,0.49,30.6,18.4,6,2,9,450,609
2003-11,103,126.8,-23.8,-0.58,-0.36,-1.43,-0.97,-1.56,-1.13,0.01,0.13,29.9,19.1,3,3,6,436,603
2003-12,144,137.5,6.5,-0.98,-0.98,-1.71,-1.37,-1.91,-1.42,-0.24,-0.07,30.7,20.7,2,5,3,488,653
2004-01,204,123.3,80.7,-0.41,-0.45,-1.32,-1.09,-1.69,-1.26,-1.25,-1.09,29.6,20.4,0,5,5,466,592
2004-02,273,115.7,157.3,1.08,1.12,-0.18,-0.29,-0.97,-0.76,-0.59,-0.47,29.1,19.9,0,8,7,420,578
2004-03,98,130.1,-32.1,-0.96,-1.09,-0.09,-0.11,-1.07,-0.92,-1.16,-1.05,31.5,19.9,0,3,5,488,639
2004-04,156,97.4,58.6,1.48,1.7,0.92,0.91,-0.32,-0.25,-0.85,-0.76,29.5,19.2,0,4,5,430,505
2004-05,90,69.8,20.2,1.05,1.3,0.7,0.78,0.15,0.2,-0.61,-0.43,25,14.8,0,2,6,308,406
2004-06,37,69.5,-32.5,0.56,0.82,1.48,1.77,0.65,0.75,-0.51,-0.3,25.2,14.9,0,0,14,300,416
2004-07,27,82.1,-55.1,0.62,1.1,1.01,1.26,1.27,1.37,-0.44,-0.18,25.3,14.9,0,1,11,312,472
2004-08,0,115.1,-115.1,,-0.75,0.32,0.35,0.63,0.68,-0.49,-0.25,29.8,16.5,2,0,31,408,588
2004-09,1,143.6,-142.6,-2.4,-1.38,-0.93,-1.03,0.77,0.72,-0.51,-0.38,34.3,20.5,14,0,18,522,623
2004-10,92,119.4,-27.4,0.12,0.5,-1.03,-0.87,0.01,0.15,-0.34,-0.11,29.7,18.7,3,4,6,440,550
2004-11,129,134.6,-5.6,-0.08,-0.02,-0.64,-0.6,-0.55,-0.51,-0.18,0.01,31,20.2,3,7,7,468,628
2004-12,188,133.4,54.6,-0.31,-0.29,-0.43,-0.08,-0.83,-0.68,0.04,0.25,31.1,20.5,0,7,4,490,642
2005-01,359,110.4,248.6,0.99,1.12,0.46,0.6,-0.05,0.08,0.68,0.84,29.8,21.5,0,15,2,485,521
2005-02,148,135.4,12.6,-0.34,-0.56,0.28,0.16,-0.16,-0.15,0.16,0.27,32.4,20.3,5,5,13,458,652
2005-03,138,123.6,14.4,-0.2,-0.17,0.35,0.34,0.01,0.16,0.35,0.47,31.7,21.3,3,3,13,512,595
2005-04,41,111.4,-70.4,-0.7,-0.89,-0.74,-0.96,-0.17,-0.21,-0.2,-0.12,31.8,20.5,0,2,11,484,542
2005-05,141,89.8,51.2,1.75,1.73,0.47,0.26,0.42,0.3,0.05,0.06,28.5,17.7,0,3,21,406,482
2005-06,49,76.5,-27.5,0.8,0.93,1.02,0.79,0.74,0.62,0.11,0.05,27.3,17.3,0,1,18,369,429
2005-07,53,84.4,-31.4,1.42,1.64,1.82,1.69,0.52,0.25,0.23,0.16,26,14.9,0,1,17,325,462
2005-08,2,116.5,-114.5,-1.11,-0.72,0.96,0.83,0.76,0.5,0.24,0.19,29.9,16.3,3,0,15,406,572
2005-09,68,110.5,-42.5,0.57,0.71,0.74,0.74,1.09,0.96,0.55,0.64,29.4,17.3,0,3,6,400,499
2005-10,69,132.8,-63.8,-0.36,-0.15,-0.25,-0.04,1.21,1.16,0.47,0.54,32.1,20.6,10,3,5,506,597
2005-11,97,131.6,-34.6,-0.7,-0.57,-0.5,-0.25,-0.02,0.05,0.32,0.41,30.8,19.7,1,6,5,457,612
2005-12,178,122.1,55.9,-0.45,-0.27,-1.16,-0.79,-0.56,-0.2,0.27,0.42,29.3,20,0,6,4,454,578
2006-01,304,138.2,165.8,0.55,0.38,-0.25,-0.2,-0.35,-0.18,-0.01,0,31.2,21.1,4,11,5,502,642
2006-02,216,108,108,0.5,0.66,0.29,0.25,-0.07,0.13,0.3,0.39,30.5,20.7,0,8,2,436,524
2006-03,162,114.5,47.5,0.18,0.36,0.57,0.62,-0.15,0.06,0.42,0.54,30.4,21.2,0,5,4,490,565
2006-04,44,105.1,-61.1,-0.61,-0.71,0.11,0.22,-0.18,-0.05,0.43,0.59,29.6,18.5,0,2,10,421,548
2006-05,22,84.1,-62.1,-0.56,-0.66,-0.54,-0.51,-0.06,-0.01,-0.13,0.1,26.8,13.9,0,1,21,320,491
2006-06,9,81.5,-72.5,-0.37,-0.67,-1.02,-1.07,0.09,0.01,-0.33,-0.16,27.3,14.6,0,0,25,328,462
2006-07,6,93.6,-87.6,-0.62,-0.8,-0.82,-1.13,-0.33,-0.35,-0.57,-0.45,28.9,15.6,0,0,18,380,495
2006-08,17,118,-101,0.03,-0.04,-0.43,-1,-0.75,-0.89,-0.5,-0.36,31.1,16.5,2,1,26,428,581
2006-09,40,117.8,-77.8,0,0.08,-0.11,-0.29,-0.97,-1.01,-0.62,-0.52,29.8,17,4,1,18,402,534
2006-10,119,130.4,-11.4,0.59,0.74,0.26,0.33,-0.36,-0.42,-0.39,-0.24,30.3,19.2,2,4,11,458,610
2006-11,162,137.9,24.1,0.46,0.48,0.43,0.51,0.12,-0.06,-0.04,0.08,31.3,19.6,4,6,3,462,622
2006-12,243,123.3,119.7,0.4,0.55,0.7,0.91,0.41,0.51,0.28,0.39,29.9,21.1,0,8,1,481,580
2007-01,431,102.5,328.5,1.51,1.71,1.5,1.6,1.24,1.34,0.76,0.92,29.1,21.3,0,16,1,470,487
2007-02,150,122.1,27.9,-0.31,-0.34,1.01,1.18,1.09,1.29,0.52,0.66,31.3,20.7,0,8,5,448,584
2007-03,92,133.9,-41.9,-1.09,-1.3,0.52,0.58,0.78,0.95,0.21,0.26,31.9,21.3,0,2,9,515,637
2007-04,51,111.5,-60.5,-0.41,-0.69,-1.09,-1.22,0.56,0.63,0.24,0.28,31.3,19.7,0,2,9,464,546
2007-05,93,89.6,3.4,1.09,1.02,-0.44,-0.76,0.65,0.66,0.57,0.61,27.5,15.6,0,3,20,358,480
2007-06,2,83.8,-81.8,-1.06,-1.37,0.1,-0.38,0.44,0.31,0.54,0.54,28.4,16.1,0,0,27,368,462
2007-07,80,87.5,-7.5,2.01,1.98,1.23,1.09,-0.26,-0.61,0.87,0.89,27,14.5,0,2,16,334,458
2007-08,0,127.1,-127.1,,-1.6,0.63,0.07,-0.16,-0.71,0.8,0.81,29.8,16.1,0,0,31,402,587
2007-09,4,157.9,-153.9,-1.71,-1.66,0.23,-0.64,0.07,-0.7,0.64,0.45,32.9,19.3,7,0,18,484,611
2007-10,54,158,-104,-0.74,-1.05,-1.84,-2.15,-0.14,-0.98,0.36,0.06,33.4,20.5,18,2,11,525,615
2007-11,109,127.4,-18.4,-0.46,-0.26,-1.39,-1.52,-0.97,-1.37,0.11,-0.14,30.1,18.9,1,6,4,436,571
2007-12,110,145.3,-35.4,-1.61,-1.58,-2.07,-2.11,-1.61,-1.88,-0.57,-0.93,31.5,20.3,3,5,5,494,688
2008-01,422,113.1,308.9,1.45,1.57,0.21,0.3,-0.47,-0.73,-0.56,-0.91,29.1,20.4,0,17,3,457,541
2008-02,189,114.5,74.5,0.2,0.28,0.43,0.37,-0.33,-0.54,-0.41,-0.79,30,20.2,0,7,2,437,569
2008-03,154,118,36,0.06,0.19,1.04,1.15,-0.08,-0.04,-0.12,-0.48,29.6,19.1,0,7,5,445,610
2008-04,105,89.2,15.8,0.73,0.92,0.33,0.48,0.33,0.54,0.15,-0.07,28.9,18.5,0,5,6,411,473
2008-05,38,75,-37,-0.02,0.09,0.24,0.47,0.43,0.59,-0.12,-0.24,26.1,14.1,0,1,26,314,443
2008-06,5,70.4,-65.4,-0.67,-0.28,0.12,0.3,0.94,1.18,-0.1,-0.2,27.1,14.2,0,0,28,320,420
2008-07,0,86.2,-86.2,,-0.66,-0.66,-0.39,-0.07,0.17,-0.5,-0.6,28.6,12.8,0,0,31,331,463
2008-08,26,106.7,-80.7,0.34,0.65,-0.46,-0.28,-0.06,0.16,-0.37,-0.35,30,15.9,0,1,19,402,505
2008-09,9,118.9,-109.9,-1.21,-0.62,-0.72,-0.45,-0.42,-0.11,-0.33,-0.13,30.1,14.8,6,0,20,374,555
2008-10,62,126.8,-64.8,-0.53,-0.18,-0.95,-0.48,-1.32,-0.72,-0.32,0.11,31.7,19.3,11,2,7,482,558
2008-11,81,144,-63,-1.07,-1.13,-1.62,-1.19,-1.85,-1.21,-0.43,-0.09,31.8,19.3,1,3,3,466,659
2008-12,194,139.9,54.1,-0.22,-0.3,-1.24,-1.15,-1.46,-1.15,-0.01,0.34,30.9,19.5,4,7,4,472,668
2009-01,224,126.4,97.6,-0.2,-0.29,-0.9,-0.92,-1.14,-0.94,-0.95,-0.64,29.7,20.2,2,9,4,464,594
2009-02,212,117,95,0.46,0.52,-0.13,-0.27,-0.99,-0.88,-0.89,-0.63,30.6,20.9,0,8,5,442,573
2009-03,187,117,70,0.54,0.67,0.22,0.26,-0.54,-0.47,-0.76,-0.52,30.8,20.6,3,7,7,487,577
2009-04,46,102.1,-56.1,-0.55,-0.6,0.3,0.34,-0.54,-0.55,-1.04,-0.83,29.5,17.3,0,3,15,402,546
2009-05,33,83.7,-50.7,-0.17,-0.3,-0.09,-0.08,-0.22,-0.26,-1.08,-0.9,28.5,15.6,0,1,11,374,460
2009-06,24,63.1,-39.1,0.23,0.67,-0.51,-0.47,-0.09,-0.04,-0.98,-0.78,25.1,12.2,0,1,15,260,371
2009-07,29,78.7,-49.7,0.7,1.25,0.16,0.46,0.23,0.41,-0.83,-0.62,27.5,14.6,0,1,12,344,400
2009-08,102,95.3,6.7,1.72,1.93,1.57,1.79,0.73,0.98,-0.44,-0.17,28.3,15.2,0,5,17,363,451
2009-09,183,100.2,82.8,1.98,2.05,2.33,2.31,1.53,1.78,0.41,0.73,29.6,18.4,0,6,8,420,469
2009-10,79,124.6,-45.6,-0.14,0.19,2.12,2.12,1.71,1.94,0.52,0.87,30.6,18.7,0,3,4,455,573
2009-11,97,128.7,-31.7,-0.7,-0.52,0.78,1.15,1.45,1.96,0.59,0.97,31.9,21.3,3,3,4,498,578
2009-12,374,110.7,263.3,1.74,1.79,0.93,1.28,2.23,2.17,1.4,1.63,29.8,20.6,0,10,3,472,513
2010-01,258,112.4,145.6,0.14,0.18,0.82,1.1,1.62,1.81,1.36,1.6,30.3,21.1,0,7,3,486,522
2010-02,116,128,-12,-0.83,-0.93,0.59,0.69,0.89,1.25,1.06,1.44,32.1,21.1,2,5,3,466,609
2010-03,167,124.9,42.1,0.25,0.28,-0.31,-0.31,0.21,0.52,1.01,1.43,31.4,20.6,0,5,7,495,612
2010-04,92,100.2,-8.2,0.5,0.42,-0.29,-0.4,0.42,0.64,1.18,1.53,29.6,17.5,0,5,24,406,518
2010-05,11,80.3,-69.3,-1.13,-0.89,-0.05,-0.06,0.43,0.58,1.09,1.47,27.5,14.4,0,1,18,339,429
2010-06,8,73.3,-65.3,-0.43,-0.27,-0.39,-0.43,-0.54,-0.54,1.03,1.41,27.8,12.3,0,0,25,302,402
2010-07,2,89.5,-87.5,-1.26,-0.79,-1.36,-1.13,-0.88,-0.92,0.91,1.29,29.5,14.1,0,0,17,366,439
2010-08,0,113.2,-113.2,,-0.65,-1.4,-1.14,-0.53,-0.59,0.46,0.83,30.8,13.7,3,0,31,381,506
2010-09,88,118.8,-30.9,0.89,0.89,0.32,0.21,-0.22,-0.22,0.01,0.3,31.7,17.5,6,4,16,438,473
2010-10,154,137.7,16.3,1.1,1.1,1.02,0.97,0.17,0.18,0.39,0.65,31,17.4,5,5,5,440,646
2010-11,58,143.2,-85.2,-1.7,-1.57,0.22,0.17,-0.3,-0.4,0.2,0.4,31.2,19.1,1,2,6,454,693
2010-12,219,143.1,75.9,0.11,0,-0.2,-0.24,-0.11,-0.15,-0.59,-0.52,31.7,20.8,5,8,2,504,681
2011-01,264,137.4,126.6,0.2,0,-0.55,-0.71,0.03,-0.05,-0.5,-0.55,31.1,20.9,0,12,3,496,669
2011-02,133,124.4,8.6,-0.56,-0.62,-0.22,-0.49,-0.16,-0.31,-0.46,-0.54,31.8,20.7,0,7,4,454,602
2011-03,346,87.2,258.8,2.31,2.09,0.92,1.02,0.66,0.73,0.4,0.46,28.2,20.3,0,14,1,441,426
2011-04,82,99.7,-17.7,0.31,0.22,1.16,1.34,0.4,0.46,0.35,0.43,29.7,18,0,2,10,416,522
2011-05,6,83.7,-77.7,-1.56,-1.16,1.48,1.7,0.6,0.65,0.33,0.42,27.7,13.8,0,0,15,334,482
2011-06,32,72.7,-40.7,0.45,0.62,-0.25,-0.34,0.68,0.79,0.44,0.5,26.8,11.7,0,1,20,278,416
2011-07,0,84,-84,,-0.45,-0.79,-0.68,0.73,0.95,0.43,0.52,29.2,13.8,0,0,31,356,434
2011-08,18,106.7,-88.7,0.07,0.42,0.03,0.14,1.21,1.47,0.52,0.66,30.8,14.5,4,1,20,393,499
2011-09,16,138.3,-122.3,-0.8,-0.9,-0.75,-0.74,-0.76,-0.74,0.18,0.22,32.5,15.4,10,0,14,418,613
2011-10,168,130.4,37.6,1.29,1.32,0.58,0.52,-0.06,-0.07,0.26,0.38,30.5,18.8,5,6,5,454,592
2011-11,190,147.8,42.2,0.86,0.75,0.91,0.73,0.75,0.57,0.88,0.92,30.3,17.6,0,7,10,419,722
2011-12,194,146.7,47.3,-0.22,-0.39,0.94,0.87,0.4,0.28,0.77,0.81,31.1,19.6,0,8,3,475,724
2012-01,264,120.9,143.1,0.2,0.16,0.26,0.14,0.4,0.33,0.67,0.76,29,19.5,0,9,4,442,599
2012-02,98,136.4,-38.4,-1.14,-1.33,-0.62,-0.82,-0.08,-0.32,0.56,0.6,32.2,19.8,4,4,9,465,664
2012-03,76,130.7,-54.7,-1.47,-1.59,-1.07,-1.15,-0.36,-0.54,-0.75,-0.89,31.8,18.9,0,2,6,476,650
2012-04,97,100.2,-3.2,0.59,0.53,-1.33,-1.39,-0.69,-0.91,-0.65,-0.79,30.6,18.4,0,6,4,436,505
2012-05,67,77.6,-10.6,0.64,0.73,-0.39,-0.43,-0.81,-0.93,-0.35,-0.46,26.4,14.5,0,3,10,324,452
2012-06,154,61.2,92.8,2.09,2.1,1.75,2.05,0.09,0.03,0.24,0.17,25.8,15.4,0,6,8,318,356
2012-07,16,81.6,-65.6,0.13,0.72,1.77,1.83,0.06,0.03,0.32,0.25,27.7,11,0,0,13,291,482
2012-08,0,116.3,-116.3,,-0.83,1.73,1.73,0.65,0.67,0.24,0.14,29.2,14.2,0,0,31,362,536
2012-09,58,127.9,-69.9,0.39,0.23,0.08,-0.07,1.36,1.39,0.43,0.38,32.2,15.7,11,2,19,420,561
2012-10,59,153.6,-94.6,-0.6,-0.83,-0.59,-0.82,0.99,0.9,-0.09,-0.22,34,19.3,11,3,9,516,674
2012-11,148,139.7,8.3,0.24,0.22,-0.14,-0.41,0.84,0.66,-0.28,-0.37,31.7,19.3,1,7,5,465,651
2012-12,140,143,-3,-1.05,-1.12,-1.12,-1.33,-0.98,-1.08,-0.57,-0.63,32,21.4,5,5,4,518,666
2013-01,172,124.9,47.1,-0.79,-0.77,-1.24,-1.17,-1.28,-1.28,-0.96,-0.99,30.3,20.1,0,7,4,471,594
2013-02,152,114.2,37.8,-0.28,-0.2,-1.3,-1.17,-1.35,-1.3,-0.74,-0.73,31,20.2,1,4,2,438,552
2013-03,194,111.9,82.1,0.63,0.81,-0.47,-0.37,-1.13,-1.12,-0.17,-0.14,30.1,19.8,0,8,3,464,551
2013-04,72,90.4,-18.4,0.1,0.21,0.08,0.28,-0.96,-0.81,-0.28,-0.17,28.3,17.4,0,2,15,386,483
2013-05,130,78.3,51.7,1.61,1.73,1.17,1.36,-0.43,-0.32,0.02,0.16,27.6,15,0,3,22,351,422
2013-06,50,64.6,-14.6,0.82,1.16,1.21,1.51,0.17,0.37,-0.49,-0.4,27.2,15.5,0,1,12,341,362
2013-07,20,77.9,-57.9,0.33,1.01,1.46,1.61,0.86,1.16,-0.48,-0.38,26.7,12.5,0,1,18,296,445
2013-08,0,103.7,-103.7,,-0.16,0.43,0.79,1.08,1.4,-0.48,-0.3,29.2,12,0,0,31,328,528
2013-09,97,121.4,-24.4,1.02,0.98,0.67,0.77,1.2,1.43,-0.27,-0.07,30.8,15.7,4,4,9,397,532
2013-10,72,137.2,-65.2,-0.29,-0.18,0.17,0.3,1.11,1.26,-0.22,0.13,30.4,17.8,2,5,10,437,627
2013-11,201,130.1,70.9,1.01,1.12,0.88,0.94,0.88,1.09,0.06,0.43,30.6,19.1,2,7,3,444,607
2013-12,259,148.3,110.7,0.59,0.44,0.77,0.79,0.86,0.92,0.63,0.91,31.7,20.4,2,9,3,498,706
2014-01,76,159.3,-83.3,-2.35,-1.85,-0.59,-0.85,-0.43,-0.53,0.14,0.3,32.7,20.4,3,2,3,514,767
2014-02,109,133.5,-24.5,-0.95,-1.12,-1.46,-1.52,-0.79,-1.01,-0.05,-0.01,32.7,20.5,10,4,10,464,621
2014-03,167,127.5,39.5,0.25,0.24,-1.79,-1.87,-1.01,-1.29,-0.19,-0.25,31.4,19.8,1,7,6,484,626
2014-04,51,103.1,-52.1,-0.41,-0.52,-0.74,-0.91,-1.06,-1.33,-0.28,-0.38,29.9,18.6,0,1,8,428,536
2014-05,4,80.1,-76.1,-1.82,-1.11,-0.61,-0.65,-1.65,-1.7,-0.94,-1,27.9,14.5,0,0,22,347,431
2014-06,1,73,-72,-1.32,-0.64,-1.44,-1.12,-2.35,-2,-1.2,-1.26,28.5,13.8,0,0,28,334,388
2014-07,26,74.1,-48.1,0.59,1.29,-1,-0.54,-1.24,-1.16,-1.17,-1.23,27,13.2,0,2,13,314,376
2014-08,0,109.2,-109.2,,-0.43,-0.59,-0.21,-0.87,-0.73,-1.19,-1.29,31.4,13.4,2,0,31,383,511
2014-09,72,121.4,-49.4,0.64,0.6,0.43,0.53,-0.76,-0.52,-1.29,-1.34,32.5,16.9,12,2,14,441,532
2014-10,33,160.5,-127.5,-1.41,-1.63,-0.8,-0.89,-1.38,-1.08,-1.61,-1.76,34,18,14,1,22,496,682
2014-11,168,133.3,34.7,0.55,0.64,-0.06,-0.27,-0.41,-0.45,-1.74,-1.87,31.4,20,3,7,5,471,609
2014-12,204,143.4,60.6,-0.09,-0.21,-0.47,-0.67,-0.25,-0.26,-2.1,-2.12,31,20,3,7,6,482,689
2015-01,74,161.4,-87.4,-2.39,-1.88,-1.37,-1.46,-1.46,-1.55,-1.88,-1.86,33.7,21.3,12,1,8,542,752
2015-02,135,119.1,15.9,-0.53,-0.51,-1.72,-1.58,-1.65,-1.66,-1.86,-1.75,30.9,20.5,1,5,3,440,584
2015-03,164,104,60,0.21,0.54,-1.6,-1.53,-1.71,-1.77,-1.96,-1.71,29.6,19.9,0,8,6,458,514
2015-04,105,99.4,5.6,0.73,0.72,-0.04,0.12,-1.15,-1.18,-1.58,-1.48,30.1,18.2,0,4,7,426,521
2015-05,62,73.3,-11.3,0.55,0.72,0.58,0.85,-1.13,-1.13,-1.27,-1.23,27.3,16,0,3,8,361,411
2015-06,14,70.7,-56.7,-0.12,0.11,0.51,0.6,-1.2,-1.12,-1.2,-1.15,27.8,13.5,0,0,27,319,398
2015-07,26,71.7,-45.7,0.59,1.35,0.39,0.8,0.04,0.39,-1.21,-1.15,27.6,14.1,0,0,21,336,372
2015-08,7,108.8,-101.8,-0.51,-0.08,-0.04,0.32,0.38,0.73,-1.18,-1.14,31.2,12.6,4,0,26,369,538
2015-09,91,113.1,-22.1,0.93,1.01,0.75,0.94,0.72,0.99,-1.05,-0.96,32.2,16.9,14,3,12,438,509
2015-10,34,147.9,-113.9,-1.37,-1.29,-0.35,-0.25,-0.13,0.16,-1.11,-0.94,34.2,19.5,16,1,12,523,633
2015-11,187,122.7,64.3,0.82,1.04,0.34,0.45,0.18,0.39,-0.95,-0.74,31.3,20.2,3,8,3,473,575
2015-12,210,127.7,82.3,-0.01,0.09,-0.2,0.03,0.16,0.49,-0.93,-0.62,31.1,20.7,0,7,3,494,606
2016-01,474,119.9,354.1,1.79,1.88,1.71,1.73,1.19,1.26,0.92,1.17,30.5,20.8,0,13,4,484,564
2016-02,143,124.3,18.7,-0.41,-0.47,1.02,1.05,1.06,1.16,1.01,1.27,32.2,21,2,5,3,481,591
2016-03,147,115.6,31.4,-0.06,0.12,1.03,1.08,0.77,0.9,0.97,1.23,31.3,20.1,0,6,5,488,565
2016-04,9,106.3,-97.3,-2.33,-1.38,-1.03,-0.99,0.78,0.93,0.52,0.79,31.7,16.6,1,0,26,424,531
2016-05,98,76.6,21.4,1.17,1.32,-0.23,-0.17,0.75,0.83,0.69,0.95,27.5,14.2,0,4,10,336,433
2016-06,88,65,23,1.39,1.62,0.66,0.72,1.17,1.28,1.02,1.25,25.7,12.3,0,3,13,271,411
2016-07,1,83.1,-82.1,-1.6,-0.28,1.34,1.5,-0.11,-0.01,0.91,1.13,28.9,10.5,0,0,15,300,457
2016-08,51,98.5,-47.5,0.94,1.33,1.41,1.59,0.52,0.72,1.11,1.34,29.8,12.7,2,2,10,349,491
2016-09,15,126.5,-111.5,-0.85,-0.65,-0.04,0.08,0.36,0.5,0.77,0.97,31.4,15.1,6,0,10,398,579
2016-10,62,143.6,-81.6,-0.53,-0.53,-0.41,-0.29,0.66,0.79,0.95,1.15,32.4,17.7,8,3,7,466,648
2016-11,125,134.1,-9.1,-0.15,-0.09,-0.9,-0.86,0.02,0.1,0.65,0.85,31,19.4,0,4,4,456,624
2016-12,240,142.7,97.3,0.36,0.28,-0.24,-0.24,-0.33,-0.23,0.79,0.91,31.5,20.7,1,10,3,500,676
2017-01,180,118.6,61.4,-0.69,-0.64,-0.52,-0.47,-0.63,-0.51,-0.6,-0.4,30.3,20.9,1,6,2,484,561
2017-02,95,135.1,-40.1,-1.2,-1.36,-0.91,-0.99,-1.43,-1.34,-0.89,-0.75,32.1,21,1,4,4,464,648
2017-03,103,131.5,-28.5,-0.85,-1.01,-1.56,-1.5,-1.53,-1.55,-1.17,-1.08,31.7,20.1,0,4,6,494,637
2017-04,104,101.1,2.9,0.71,0.66,-1,-1.15,-1.17,-1.21,-0.64,-0.58,30.1,18.6,0,6,7,430,511
2017-05,116,79.8,36.2,1.43,1.54,0.5,0.42,-0.56,-0.69,-0.55,-0.49,28.3,17.3,0,5,9,397,441
2017-06,1,72.3,-71.3,-1.32,-0.6,0.92,0.96,-0.89,-0.94,-1,-0.97,27,13.7,0,0,21,310,414
2017-07,0,85.4,-85.4,,-0.58,0.59,0.71,-0.68,-0.81,-1.01,-1,26.5,12.6,0,0,31,297,447
2017-08,13,102.5,-89.5,-0.15,0.39,-1.15,-0.62,0.02,0,-1.24,-1.22,29.6,15.3,1,0,16,385,475
2017-09,6,135.3,-129.3,-1.47,-1.07,-1.26,-0.89,0.16,0.13,-1.25,-1.24,33.4,17.7,7,0,27,466,573
2017-10,101,147.1,-46.1,0.28,0.18,-0.54,-0.61,-0.1,-0.16,-1.11,-1.15,33.4,19.5,18,6,15,510,621
2017-11,217,136.6,80.4,1.22,1.23,0.46,0.22,-0.02,-0.19,-0.56,-0.63,31,19.3,0,9,4,454,638
2017-12,199,139.7,59.4,-0.16,-0.22,0.63,0.6,0.01,-0.04,-0.79,-0.83,31.3,20.4,1,7,7,492,662
2018-01,231,128.9,102.1,-0.13,-0.25,0.26,0.21,-0.06,-0.12,-0.47,-0.55,31.1,20.8,2,8,6,495,615
2018-02,148,117.5,30.5,-0.34,-0.3,-0.47,-0.6,-0.25,-0.39,-0.25,-0.3,31,20,0,4,3,434,563
2018-03,72,132,-60,-1.57,-1.72,-0.96,-1,-0.49,-0.61,-0.42,-0.5,32.6,20.9,2,1,7,520,639
2018-04,14,103.8,-89.8,-1.92,-1.25,-1.77,-1.57,-0.94,-0.99,-0.86,-0.9,30.7,17.6,0,1,14,424,524
2018-05,10,87.2,-77.2,-1.2,-1.15,-2.67,-2.01,-1.59,-1.49,-1.45,-1.46,29,14.7,0,0,14,368,465
2018-06,0,72,-72,,-0.64,-2.49,-1.53,-1.79,-1.57,-1.46,-1.43,29,14.9,0,0,30,358,370
2018-07,2,88.3,-86.3,-1.26,-0.67,-1.82,-1.46,-2.49,-1.98,-1.45,-1.44,30,11.9,0,0,30,339,460
2018-08,19,101.1,-82.1,0.11,0.62,-0.82,-0.47,-2.76,-1.85,-1.43,-1.46,28.6,14.4,0,0,7,356,502
2018-09,39,117.4,-78.4,-0.03,0.07,-0.17,0,-1.84,-1.22,-1.22,-1.16,31,16.9,6,2,13,418,519
2018-10,128,132.3,-4.3,0.73,0.84,0.39,0.61,-0.54,-0.3,-1.14,-1.03,31.8,20,5,5,4,494,606
2018-11,231,122.4,108.6,1.39,1.52,1.12,1.32,0.71,0.92,-1.01,-0.83,30.2,19.9,1,8,4,452,561
2018-12,96,150.3,-54.3,-1.91,-1.85,0.05,0.2,-0.16,0.06,-1.61,-1.41,32.4,20.7,7,4,9,514,700
2019-01,111,157.6,-46.6,-1.67,-1.57,-1.44,-1.46,-0.95,-0.89,-2.1,-1.86,33.5,21.2,11,5,5,538,735
2019-02,237,110.7,126.3,0.73,0.84,-1.46,-1.43,-0.61,-0.65,-1.72,-1.53,31.6,20.5,6,7,4,450,514
2019-03,139,122.4,16.6,-0.19,-0.13,-0.69,-0.85,-0.65,-0.73,-1.4,-1.27,31.4,20.2,1,5,10,490,600
2019-04,122,100,22,1,1.05,0.71,0.78,-0.59,-0.7,-0.78,-0.74,30.8,19.1,0,4,13,448,509
2019-05,18,84.5,-66.5,-0.74,-0.8,0.05,0.02,-1.27,-1.34,-0.75,-0.68,29.9,16.5,0,0,13,408,447
2019-06,13,74.9,-61.9,-0.16,-0.11,0.19,0.04,-0.62,-0.78,-0.68,-0.65,28.7,13.7,0,0,25,336,421
2019-07,13,83.6,-70.6,-0.05,0.49,-0.64,-0.6,0.32,0.38,-0.62,-0.59,28.2,11.4,0,0,24,303,476
2019-08,5,106.6,-101.6,-0.69,-0.07,-0.46,-0.32,-0.23,-0.24,-0.7,-0.68,30.5,14.5,2,0,26,388,501
2019-09,66,134.7,-68.7,0.54,0.25,0.23,0.08,0.13,0.03,-0.54,-0.61,34.3,18.3,15,3,19,488,570
2019-10,46,158.3,-112.3,-0.97,-1.25,-0.59,-0.84,-1.01,-1.08,-1.04,-1.19,34.7,19.6,21,2,9,532,689
2019-11,136,139.3,-3.3,0.04,0.02,-0.33,-0.69,-0.63,-0.83,-1.52,-1.69,32.6,20.4,8,5,5,496,615
2019-12,280,129.9,150.1,0.82,0.88,0.12,0.05,0.09,-0.01,-0.52,-0.65,31.5,20.7,1,10,2,499,610
2020-01,219,135.4,83.6,-0.25,-0.43,0.17,0.12,-0.15,-0.29,0.02,0,32.3,20.8,2,10,8,513,642
2020-02,217,100.5,116.5,0.52,0.74,0.4,0.38,0.12,0,-0.08,-0.1,30.3,20.8,0,12,2,450,476
2020-03,83,131.5,-48.5,-1.3,-1.45,-0.47,-0.47,-0.42,-0.49,-0.37,-0.46,32.1,18.9,2,3,15,480,649
2020-04,32,104.4,-72.4,-1.02,-0.93,-0.69,-0.63,-0.39,-0.38,-0.81,-0.87,30.4,16.8,0,2,10,408,551
2020-05,19,80.7,-61.7,-0.69,-0.65,-1.91,-1.61,-0.49,-0.49,-0.81,-0.85,27.7,13.5,0,1,21,328,457
2020-06,6,75.2,-69.2,-0.58,-0.48,-1.41,-1.16,-1.05,-1.01,-0.85,-0.9,29.4,15.4,0,0,16,373,389
2020-07,0,87.7,-87.7,,-0.82,-1.2,-1.05,-1.25,-1.09,-0.92,-0.99,30,13.9,0,0,31,371,451
2020-08,1,108.8,-107.8,-1.38,-0.36,-1.65,-1.11,-2.33,-1.72,-0.96,-1.04,30.6,14.1,5,0,20,384,494
2020-09,7,131.3,-124.3,-1.37,-0.95,-1.9,-1.14,-2.25,-1.52,-1.25,-1.24,35.5,18.1,22,0,18,504,540
2020-10,61,143,-82,-0.55,-0.54,-1.55,-1.25,-2.12,-1.53,-1.24,-1.18,35,20.4,16,2,9,548,561
2020-11,69,153.7,-84.7,-1.38,-1.56,-1.87,-1.64,-2.47,-1.75,-1.57,-1.53,33.6,18.1,12,3,8,476,673
2020-12,301,124.8,176.2,1.04,1.13,-0.2,-0.21,-0.81,-0.83,-1.47,-1.4,31.9,20.4,4,12,1,500,567
2021-01,127,125.4,1.6,-1.41,-1.18,-0.92,-0.89,-1.35,-1.24,-1.8,-1.58,32.4,20.5,2,5,4,509,569
2021-02,101,120.6,-19.6,-1.09,-1.04,-0.81,-0.79,-1.79,-1.57,-2.64,-2.15,31.9,20,2,5,6,446,571
2021-03,96,125.1,-29.1,-1,-1.03,-2.06,-1.74,-1.87,-1.74,-2.67,-2.09,32.5,19.8,8,3,6,500,599
2021-04,37,107.8,-70.8,-0.84,-0.9,-1.77,-1.58,-1.99,-1.77,-2.56,-2.12,30.6,16.4,0,1,7,405,560
2021-05,9,86.8,-77.8,-1.28,-1.17,-1.77,-1.56,-1.62,-1.42,-2.65,-2.33,30,15.1,0,0,21,389,441
2021-06,7,74.9,-67.9,-0.5,-0.41,-1.51,-1.3,-2.63,-1.98,-2.64,-2.19,28.6,13.9,0,0,19,338,406
2021-07,0,86.4,-86.4,,-0.68,-1.59,-1.38,-2.44,-1.96,-2.66,-2.19,28.2,10,0,0,31,282,463
2021-08,1,109.3,-108.3,-1.38,-0.38,-1.56,-1.05,-2.18,-1.67,-2.68,-2.32,31.4,13.5,7,0,27,386,504
2021-09,8,136.7,-128.7,-1.29,-1.05,-1.82,-1.2,-2.32,-1.66,-2.62,-2.2,35.6,17.7,20,0,14,500,533
2021-10,256,120,136,2.27,2.06,1.25,1.2,0.34,0.33,-1.53,-1.45,31.3,18.4,5,9,2,460,524
2021-11,148,151.4,-3.4,0.24,0.01,1.23,1.14,0.71,0.54,-1.02,-0.98,32.3,19.3,7,5,8,474,698
2021-12,166,139.4,26.6,-0.63,-0.69,1.1,1.1,0.35,0.3,-1.82,-1.73,31.4,19.6,2,7,5,480,646
2022-01,331,127.2,203.8,0.78,0.73,0.24,0.1,0.72,0.67,-0.59,-0.62,30.9,20.6,4,9,3,488,605
2022-02,131,124.6,6.4,-0.59,-0.65,-0.14,-0.33,0.54,0.42,-0.49,-0.59,31.8,20.2,4,7,3,448,611
2022-03,96,133.1,-37.1,-1,-1.2,-0.2,-0.33,0.41,0.36,-0.51,-0.68,32.9,20.7,4,3,4,520,637
2022-04,21,106.8,-85.8,-1.5,-1.18,-1.6,-1.55,-0.86,-1.06,-0.57,-0.72,31.2,17.4,0,0,16,428,550
2022-05,35,82.9,-47.9,-0.11,-0.22,-1.61,-1.5,-0.91,-1.02,-0.45,-0.56,27,12.2,0,0,13,298,485
2022-06,20,72.1,-52.1,0.11,0.28,-1,-0.96,-0.66,-0.8,-0.38,-0.51,27.3,12.5,0,0,12,298,416
2022-07,0,91.1,-91.1,,-1.23,-0.39,-0.44,-1.81,-1.68,-0.38,-0.55,30.2,11.9,0,0,31,343,480
2022-08,19,105.9,-86.9,0.11,0.47,-0.23,-0.23,-1.58,-1.39,-0.3,-0.43,29.4,13.2,0,1,21,350,476
2022-09,79,115.9,-36.9,0.75,0.8,0.43,0.43,-0.52,-0.46,0.06,0.03,30,15.5,5,3,6,383,504
2022-10,54,141.1,-87.1,-0.74,-0.65,-0.06,0.08,-0.43,-0.32,-1.02,-1.1,32,17.8,6,2,7,462,633
2022-11,94,153.2,-59.2,-0.77,-1.06,-0.58,-0.68,-0.78,-0.79,-1.27,-1.33,31.7,16.9,5,4,16,428,696
2022-12,327,133.3,193.7,1.3,1.28,0.24,0.18,0.3,0.28,-0.41,-0.46,30.5,19.7,0,11,4,468,628
2023-01,334,123.7,210.3,0.8,0.79,0.99,0.9,0.71,0.71,-0.36,-0.39,30.1,19.9,0,14,2,465,596
2023-02,213,115.9,97.1,0.47,0.54,1.27,1.33,0.86,0.84,0.01,-0.04,31.1,20,0,8,1,435,567
2023-03,168,126.1,41.9,0.27,0.28,0.76,0.78,0.74,0.7,0.35,0.31,32,19.6,1,4,3,490,624
2023-04,113,97.2,15.8,0.86,0.92,0.68,0.7,1.2,1.16,0.75,0.78,29.3,17.2,0,5,6,398,527
2023-05,40,83.4,-43.5,0.03,-0.09,0.48,0.46,1.3,1.33,0.79,0.82,28.4,12.4,0,2,29,322,487
2023-06,46,69.4,-23.4,0.75,1.01,0.7,0.74,0.94,1.01,0.9,0.93,26.7,10.8,0,2,14,263,439
2023-07,2,83.4,-81.4,-1.26,-0.22,0.19,0.33,0.61,0.68,0.91,0.97,29.1,11.6,0,0,17,321,478
2023-08,10,102,-92,-0.31,0.31,0.2,0.45,0.39,0.46,0.88,0.97,31.4,13.9,5,0,19,391,501
2023-09,26,133.1,-107.1,-0.41,-0.55,-0.64,-0.51,0.13,0.17,0.64,0.65,34.8,17.8,18,0,8,488,599
2023-10,176,134.5,41.5,1.39,1.36,0.7,0.68,0.52,0.57,1.24,1.22,34,20.6,14,7,2,536,602
2023-11,119,152.6,-33.6,-0.26,-0.55,0.43,0.17,0.36,0.21,1.32,1.28,34.5,19.8,14,3,9,514,695
2023-12,135,164.7,-29.7,-1.14,-1.5,-0.21,-0.56,-0.55,-0.77,0.46,0.41,34.5,20.6,18,4,6,546,763
2024-01,110,147.9,-37.9,-1.69,-1.51,-2.18,-2.12,-1.28,-1.45,-0.6,-0.74,33,20.2,7,3,6,514,695
2024-02,81,126.9,-45.9,-1.49,-1.45,-2.53,-1.95,-1.93,-1.91,-1.34,-1.45,33,20.4,6,2,5,484,599
2024-03,273,119.6,153.4,1.58,1.48,-0.86,-1.02,-0.95,-1.29,-0.82,-1.03,32.8,21.3,14,10,8,528,554
2024-04,7,106.8,-99.8,-2.55,-1.42,-0.42,-0.52,-2.03,-2.08,-1.36,-1.5,33,19.3,4,0,19,484,522
2024-05,3,87.5,-84.5,-1.99,-1.39,0.09,-0.02,-2.05,-1.94,-1.59,-1.75,31.2,14.5,3,0,26,399,446
2024-06,0,79.2,-79.2,,-1.15,-3.39,-1.77,-1.8,-1.69,-1.86,-1.91,30.9,11.8,0,0,30,340,418
2024-07,0,83.9,-83.9,,-0.43,-2.76,-1.79,-1.18,-1.21,-1.88,-1.92,30.4,12,0,0,31,348,419
2024-08,10,105.4,-95.4,-0.31,0.18,-1.4,-0.94,-0.4,-0.48,-1.9,-2.03,31.6,11.5,10,0,13,358,494
2024-09,0,138.9,-138.9,,-1.3,-1.74,-1.12,-3.81,-1.97,-2.01,-2.04,36.6,15.9,27,0,30,486,534
2024-10,132,133.6,-1.6,0.79,0.88,-0.2,-0.23,-1.24,-1.1,-2.43,-2.51,34.6,20,13,5,10,537,525
2024-11,306,122.3,183.7,2.22,2.11,1.44,1.45,0.94,0.92,-1.21,-1.39,31.9,20,8,12,5,479,550
2024-12,372,131.8,240.2,1.72,1.64,2.92,2.32,1.97,1.75,0.03,0,32.1,20.7,4,11,4,508,615
2025-01,189,143.1,45.9,-0.58,-0.79,1.68,1.59,1.22,1.15,0.36,0.33,33,20.4,5,7,4,518,676
2025-02,167,126.7,40.3,-0.08,-0.17,0.47,0.23,1.19,1.1,0.76,0.69,33,20.6,6,6,3,470,602
2025-03,105,130.2,-25.2,-0.81,-0.94,-0.89,-1.08,1.16,1.12,0,-0.15,33.5,19.8,8,5,9,517,612
2025-04,119,92,27,0.95,1.14,-0.15,-0.22,1.25,1.21,0.52,0.48,30.5,18.8,1,6,5,440,460
2025-05,9,84.4,-75.4,-1.28,-1.09,-0.47,-0.48,0.13,-0.02,0.55,0.55,28.8,13.5,0,0,15,346,491
2025-06,40,69.2,-29.2,0.63,0.89,0.36,0.41,-0.69,-0.82,0.73,0.74,27.9,11.7,0,2,14,294,418
2025-07,9,79.8,-70.8,-0.34,0.47,-0.33,-0.13,-0.42,-0.4,0.77,0.8,28.2,10.7,0,0,27,292,464
2025-08,7,103.5,-96.5,-0.51,0.14,0.16,0.46,-0.44,-0.31,0.77,0.82,30.8,11.5,4,0,28,346,534
2025-09,18,129.2,-111.2,-0.71,-0.65,-0.75,-0.48,-0.21,-0.05,0.84,0.91,34.1,15.3,18,1,21,442,567
2025-10,71,131.2,-60.2,-0.31,-0.08,-0.97,-0.65,-1.11,-0.72,0.6,0.73,32.2,17.6,10,2,9,462,578
2025-11,92,135.6,-43.5,-0.81,-0.75,-1.18,-0.98,-1.12,-0.78,-0.45,-0.36,32.4,17.7,8,2,4,452,643
2025-12,184,141.2,42.8,-0.36,-0.46,-1.12,-1,-1.37,-1.06,-1.5,-1.37,32.6,20.5,10,8,3,514,653
